  0.26761E-01  0.29789E+02
  0.53522E-01  0.29375E+02
  0.80284E-01  0.28766E+02
  0.10704E+00  0.27972E+02
  0.13381E+00  0.27002E+02
  0.16057E+00  0.25869E+02
  0.18733E+00  0.24584E+02
  0.21409E+00  0.23162E+02
  0.24085E+00  0.21614E+02
  0.26761E+00  0.19957E+02
  0.29437E+00  0.18204E+02
  0.32113E+00  0.16370E+02
  0.34790E+00  0.14470E+02
  0.37466E+00  0.12519E+02
  0.40142E+00  0.10533E+02
  0.42818E+00  0.85262E+01
  0.45494E+00  0.65131E+01
  0.48170E+00  0.45082E+01
  0.50846E+00  0.25252E+01
  0.53522E+00  0.57764E+00
  0.56199E+00  -.13219E+01
  0.58875E+00  -.31613E+01
  0.61551E+00  -.49293E+01
  0.64227E+00  -.66154E+01
  0.66903E+00  -.82099E+01
  0.69579E+00  -.97041E+01
  0.72255E+00  -.11090E+02
  0.74931E+00  -.12362E+02
  0.77607E+00  -.13512E+02
  0.80284E+00  -.14537E+02
  0.82960E+00  -.15432E+02
  0.85636E+00  -.16195E+02
  0.88312E+00  -.16824E+02
  0.90988E+00  -.17318E+02
  0.93664E+00  -.17678E+02
  0.96340E+00  -.17903E+02
  0.99016E+00  -.17997E+02
  0.10169E+01  -.17962E+02
  0.10437E+01  -.17802E+02
  0.10704E+01  -.17522E+02
  0.10972E+01  -.17126E+02
  0.11240E+01  -.16620E+02
  0.11507E+01  -.16011E+02
  0.11775E+01  -.15306E+02
  0.12043E+01  -.14513E+02
  0.12310E+01  -.13639E+02
  0.12578E+01  -.12692E+02
  0.12845E+01  -.11682E+02
  0.13113E+01  -.10617E+02
  0.13381E+01  -.95057E+01
  0.13648E+01  -.83576E+01
  0.13916E+01  -.71816E+01
  0.14183E+01  -.59866E+01
  0.14451E+01  -.47816E+01
  0.14719E+01  -.35752E+01
  0.14986E+01  -.23761E+01
  0.15254E+01  -.11924E+01
  0.15521E+01  -.31954E-01
  0.15789E+01  0.10976E+01
  0.16057E+01  0.21893E+01
  0.16324E+01  0.32364E+01
  0.16592E+01  0.42327E+01
  0.16860E+01  0.51727E+01
  0.17127E+01  0.60512E+01
  0.17395E+01  0.68637E+01
  0.17662E+01  0.76063E+01
  0.17930E+01  0.82757E+01
  0.18198E+01  0.88690E+01
  0.18465E+01  0.93843E+01
  0.18733E+01  0.98199E+01
  0.19000E+01  0.10175E+02
  0.19268E+01  0.10449E+02
  0.19536E+01  0.10642E+02
  0.19803E+01  0.10756E+02
  0.20071E+01  0.10791E+02
  0.20338E+01  0.10749E+02
  0.20606E+01  0.10633E+02
  0.20874E+01  0.10446E+02
  0.21141E+01  0.10190E+02
  0.21409E+01  0.98696E+01
  0.21677E+01  0.94885E+01
  0.21944E+01  0.90509E+01
  0.22212E+01  0.85615E+01
  0.22479E+01  0.80252E+01
  0.22747E+01  0.74469E+01
  0.23015E+01  0.68318E+01
  0.23282E+01  0.61851E+01
  0.23550E+01  0.55124E+01
  0.23817E+01  0.48190E+01
  0.24085E+01  0.41104E+01
  0.24353E+01  0.33918E+01
  0.24620E+01  0.26687E+01
  0.24888E+01  0.19462E+01
  0.25156E+01  0.12294E+01
  0.25423E+01  0.52314E+00
  0.25691E+01  -.16790E+00
  0.25958E+01  -.83927E+00
  0.26226E+01  -.14868E+01
  0.26494E+01  -.21065E+01
  0.26761E+01  -.26949E+01
  0.27029E+01  -.32486E+01
  0.27296E+01  -.37647E+01
  0.27564E+01  -.42406E+01
  0.27832E+01  -.46740E+01
  0.28099E+01  -.50629E+01
  0.28367E+01  -.54060E+01
  0.28635E+01  -.57019E+01
  0.28902E+01  -.59498E+01
  0.29170E+01  -.61494E+01
  0.29437E+01  -.63005E+01
  0.29705E+01  -.64033E+01
  0.29973E+01  -.64584E+01
  0.30240E+01  -.64667E+01
  0.30508E+01  -.64294E+01
  0.30775E+01  -.63480E+01
  0.31043E+01  -.62242E+01
  0.31311E+01  -.60601E+01
  0.31578E+01  -.58578E+01
  0.31846E+01  -.56198E+01
  0.32113E+01  -.53487E+01
  0.32381E+01  -.50473E+01
  0.32649E+01  -.47186E+01
  0.32916E+01  -.43656E+01
  0.33184E+01  -.39914E+01
  0.33452E+01  -.35991E+01
  0.33719E+01  -.31921E+01
  0.33987E+01  -.27736E+01
  0.34254E+01  -.23469E+01
  0.34522E+01  -.19150E+01
  0.34790E+01  -.14813E+01
  0.35057E+01  -.10488E+01
  0.35325E+01  -.62057E+00
  0.35592E+01  -.19939E+00
  0.35860E+01  0.21191E+00
  0.36128E+01  0.61072E+00
  0.36395E+01  0.99457E+00
  0.36663E+01  0.13612E+01
  0.36931E+01  0.17084E+01
  0.37198E+01  0.20344E+01
  0.37466E+01  0.23373E+01
  0.37733E+01  0.26157E+01
  0.38001E+01  0.28684E+01
  0.38269E+01  0.30941E+01
  0.38536E+01  0.32921E+01
  0.38804E+01  0.34617E+01
  0.39071E+01  0.36024E+01
  0.39339E+01  0.37141E+01
  0.39607E+01  0.37967E+01
  0.39874E+01  0.38505E+01
  0.40142E+01  0.38758E+01
  0.40409E+01  0.38733E+01
  0.40677E+01  0.38436E+01
  0.40945E+01  0.37877E+01
  0.41212E+01  0.37068E+01
  0.41480E+01  0.36020E+01
  0.41748E+01  0.34747E+01
  0.42015E+01  0.33265E+01
  0.42283E+01  0.31588E+01
  0.42550E+01  0.29735E+01
  0.42818E+01  0.27723E+01
  0.43086E+01  0.25570E+01
  0.43353E+01  0.23295E+01
  0.43621E+01  0.20917E+01
  0.43888E+01  0.18457E+01
  0.44156E+01  0.15933E+01
  0.44424E+01  0.13364E+01
  0.44691E+01  0.10770E+01
  0.44959E+01  0.81705E+00
  0.45226E+01  0.55829E+00
  0.45494E+01  0.30253E+00
  0.45762E+01  0.51500E-01
  0.46029E+01  -.19318E+00
  0.46297E+01  -.42995E+00
  0.46565E+01  -.65737E+00
  0.46832E+01  -.87408E+00
  0.47100E+01  -.10789E+01
  0.47367E+01  -.12706E+01
  0.47635E+01  -.14483E+01
  0.47903E+01  -.16110E+01
  0.48170E+01  -.17581E+01
  0.48438E+01  -.18890E+01
  0.48705E+01  -.20030E+01
  0.48973E+01  -.21000E+01
  0.49241E+01  -.21796E+01
  0.49508E+01  -.22418E+01
  0.49776E+01  -.22866E+01
  0.50043E+01  -.23142E+01
  0.50311E+01  -.23247E+01
  0.50579E+01  -.23187E+01
  0.50846E+01  -.22966E+01
  0.51114E+01  -.22589E+01
  0.51381E+01  -.22064E+01
  0.51649E+01  -.21398E+01
  0.51917E+01  -.20600E+01
  0.52184E+01  -.19678E+01
  0.52452E+01  -.18643E+01
  0.52720E+01  -.17505E+01
  0.52987E+01  -.16275E+01
  0.53255E+01  -.14963E+01
  0.53522E+01  -.13581E+01
  0.53790E+01  -.12141E+01
  0.54058E+01  -.10654E+01
  0.54325E+01  -.91327E+00
  0.54593E+01  -.75876E+00
  0.54860E+01  -.60306E+00
  0.55128E+01  -.44730E+00
  0.55396E+01  -.29257E+00
  0.55663E+01  -.13992E+00
  0.55931E+01  0.96253E-02
  0.56198E+01  0.15510E+00
  0.56466E+01  0.29559E+00
  0.56734E+01  0.43025E+00
  0.57001E+01  0.55829E+00
  0.57269E+01  0.67898E+00
  0.57537E+01  0.79167E+00
  0.57804E+01  0.89580E+00
  0.58072E+01  0.99085E+00
  0.58339E+01  0.10764E+01
  0.58607E+01  0.11521E+01
  0.58875E+01  0.12177E+01
  0.59142E+01  0.12730E+01
  0.59410E+01  0.13179E+01
  0.59677E+01  0.13523E+01
  0.59945E+01  0.13763E+01
  0.60213E+01  0.13900E+01
  0.60480E+01  0.13936E+01
  0.60748E+01  0.13873E+01
  0.61015E+01  0.13715E+01
  0.61283E+01  0.13464E+01
  0.61551E+01  0.13126E+01
  0.61818E+01  0.12705E+01
  0.62086E+01  0.12205E+01
  0.62354E+01  0.11634E+01
  0.62621E+01  0.10996E+01
  0.62889E+01  0.10298E+01
  0.63156E+01  0.95461E+00
  0.63424E+01  0.87475E+00
  0.63692E+01  0.79090E+00
  0.63959E+01  0.70374E+00
  0.64227E+01  0.61397E+00
  0.64494E+01  0.52229E+00
  0.64762E+01  0.42940E+00
  0.65030E+01  0.33599E+00
  0.65297E+01  0.24271E+00
  0.65565E+01  0.15023E+00
  0.65832E+01  0.59173E-01
  0.66100E+01  -.29866E-01
  0.66368E+01  -.11631E+00
  0.66635E+01  -.19963E+00
  0.66903E+01  -.27932E+00
  0.67171E+01  -.35491E+00
  0.67438E+01  -.42599E+00
  0.67706E+01  -.49218E+00
  0.67973E+01  -.55314E+00
  0.68241E+01  -.60859E+00
  0.68509E+01  -.65828E+00
  0.68776E+01  -.70202E+00
  0.69044E+01  -.73967E+00
  0.69311E+01  -.77112E+00
  0.69579E+01  -.79631E+00
  0.69847E+01  -.81524E+00
  0.70114E+01  -.82794E+00
  0.70382E+01  -.83449E+00
  0.70649E+01  -.83501E+00
  0.70917E+01  -.82966E+00
  0.71185E+01  -.81862E+00
  0.71452E+01  -.80214E+00
  0.71720E+01  -.78046E+00
  0.71988E+01  -.75389E+00
  0.72255E+01  -.72274E+00
  0.72523E+01  -.68735E+00
  0.72790E+01  -.64809E+00
  0.73058E+01  -.60532E+00
  0.73326E+01  -.55945E+00
  0.73593E+01  -.51089E+00
  0.73861E+01  -.46003E+00
  0.74128E+01  -.40731E+00
  0.74396E+01  -.35314E+00
  0.74664E+01  -.29794E+00
  0.74931E+01  -.24213E+00
  0.75199E+01  -.18612E+00
  0.75466E+01  -.13029E+00
  0.75734E+01  -.75046E-01
  0.76002E+01  -.20753E-01
  0.76269E+01  0.32234E-01
  0.76537E+01  0.83575E-01
  0.76804E+01  0.13296E+00
  0.77072E+01  0.18008E+00
  0.77340E+01  0.22469E+00
  0.77607E+01  0.26652E+00
  0.77875E+01  0.30536E+00
  0.78143E+01  0.34102E+00
  0.78410E+01  0.37333E+00
  0.78678E+01  0.40215E+00
  0.78945E+01  0.42739E+00
  0.79213E+01  0.44894E+00
  0.79481E+01  0.46677E+00
  0.79748E+01  0.48085E+00
  0.80016E+01  0.49117E+00
