  0.26761E-01  0.89368E+02
  0.53522E-01  0.88194E+02
  0.80284E-01  0.86558E+02
  0.10704E+00  0.84533E+02
  0.13381E+00  0.82186E+02
  0.16057E+00  0.79576E+02
  0.18733E+00  0.76757E+02
  0.21409E+00  0.73776E+02
  0.24085E+00  0.70677E+02
  0.26761E+00  0.67496E+02
  0.29437E+00  0.64267E+02
  0.32113E+00  0.61019E+02
  0.34790E+00  0.57777E+02
  0.37466E+00  0.54564E+02
  0.40142E+00  0.51397E+02
  0.42818E+00  0.48294E+02
  0.45494E+00  0.45267E+02
  0.48170E+00  0.42327E+02
  0.50846E+00  0.39484E+02
  0.53522E+00  0.36744E+02
  0.56199E+00  0.34112E+02
  0.58875E+00  0.31594E+02
  0.61551E+00  0.29190E+02
  0.64227E+00  0.26903E+02
  0.66903E+00  0.24734E+02
  0.69579E+00  0.22681E+02
  0.72255E+00  0.20744E+02
  0.74931E+00  0.18920E+02
  0.77607E+00  0.17208E+02
  0.80284E+00  0.15604E+02
  0.82960E+00  0.14105E+02
  0.85636E+00  0.12707E+02
  0.88312E+00  0.11408E+02
  0.90988E+00  0.10202E+02
  0.93664E+00  0.90859E+01
  0.96340E+00  0.80554E+01
  0.99016E+00  0.71063E+01
  0.10169E+01  0.62343E+01
  0.10437E+01  0.54352E+01
  0.10704E+01  0.47049E+01
  0.10972E+01  0.40393E+01
  0.11240E+01  0.34344E+01
  0.11507E+01  0.28864E+01
  0.11775E+01  0.23914E+01
  0.12043E+01  0.19459E+01
  0.12310E+01  0.15463E+01
  0.12578E+01  0.11893E+01
  0.12845E+01  0.87180E+00
  0.13113E+01  0.59063E+00
  0.13381E+01  0.34293E+00
  0.13648E+01  0.12597E+00
  0.13916E+01  -.62840E-01
  0.14183E+01  -.22595E+00
  0.14451E+01  -.36565E+00
  0.14719E+01  -.48409E+00
  0.14986E+01  -.58328E+00
  0.15254E+01  -.66511E+00
  0.15521E+01  -.73132E+00
  0.15789E+01  -.78353E+00
  0.16057E+01  -.82327E+00
  0.16324E+01  -.85190E+00
  0.16592E+01  -.87073E+00
  0.16860E+01  -.88093E+00
  0.17127E+01  -.88358E+00
  0.17395E+01  -.87967E+00
  0.17662E+01  -.87011E+00
  0.17930E+01  -.85573E+00
  0.18198E+01  -.83726E+00
  0.18465E+01  -.81539E+00
  0.18733E+01  -.79072E+00
  0.19000E+01  -.76381E+00
  0.19268E+01  -.73513E+00
  0.19536E+01  -.70513E+00
  0.19803E+01  -.67420E+00
  0.20071E+01  -.64267E+00
  0.20338E+01  -.61085E+00
  0.20606E+01  -.57901E+00
  0.20874E+01  -.54736E+00
  0.21141E+01  -.51610E+00
  0.21409E+01  -.48540E+00
  0.21677E+01  -.45541E+00
  0.21944E+01  -.42623E+00
  0.22212E+01  -.39796E+00
  0.22479E+01  -.37069E+00
  0.22747E+01  -.34446E+00
  0.23015E+01  -.31932E+00
  0.23282E+01  -.29531E+00
  0.23550E+01  -.27243E+00
  0.23817E+01  -.25071E+00
  0.24085E+01  -.23013E+00
  0.24353E+01  -.21069E+00
  0.24620E+01  -.19237E+00
  0.24888E+01  -.17516E+00
  0.25156E+01  -.15902E+00
  0.25423E+01  -.14392E+00
  0.25691E+01  -.12983E+00
  0.25958E+01  -.11672E+00
  0.26226E+01  -.10454E+00
  0.26494E+01  -.93256E-01
  0.26761E+01  -.82828E-01
  0.27029E+01  -.73215E-01
  0.27296E+01  -.64374E-01
  0.27564E+01  -.56264E-01
  0.27832E+01  -.48844E-01
  0.28099E+01  -.42075E-01
  0.28367E+01  -.35915E-01
  0.28635E+01  -.30328E-01
  0.28902E+01  -.25276E-01
  0.29170E+01  -.20722E-01
  0.29437E+01  -.16633E-01
  0.29705E+01  -.12973E-01
  0.29973E+01  -.97127E-02
  0.30240E+01  -.68201E-02
  0.30508E+01  -.42667E-02
  0.30775E+01  -.20250E-02
  0.31043E+01  -.69060E-04
  0.31311E+01  0.16257E-02
  0.31578E+01  0.30822E-02
  0.31846E+01  0.43222E-02
  0.32113E+01  0.53660E-02
  0.32381E+01  0.62324E-02
  0.32649E+01  0.69392E-02
  0.32916E+01  0.75027E-02
  0.33184E+01  0.79381E-02
  0.33452E+01  0.82596E-02
  0.33719E+01  0.84800E-02
  0.33987E+01  0.86115E-02
  0.34254E+01  0.86649E-02
  0.34522E+01  0.86504E-02
  0.34790E+01  0.85771E-02
  0.35057E+01  0.84534E-02
  0.35325E+01  0.82869E-02
  0.35592E+01  0.80846E-02
  0.35860E+01  0.78526E-02
  0.36128E+01  0.75965E-02
  0.36395E+01  0.73213E-02
  0.36663E+01  0.70316E-02
  0.36931E+01  0.67313E-02
  0.37198E+01  0.64240E-02
  0.37466E+01  0.61127E-02
  0.37733E+01  0.58001E-02
  0.38001E+01  0.54887E-02
  0.38269E+01  0.51804E-02
  0.38536E+01  0.48770E-02
  0.38804E+01  0.45800E-02
  0.39071E+01  0.42905E-02
  0.39339E+01  0.40097E-02
  0.39607E+01  0.37383E-02
  0.39874E+01  0.34770E-02
  0.40142E+01  0.32263E-02
  0.40409E+01  0.29864E-02
  0.40677E+01  0.27577E-02
  0.40945E+01  0.25403E-02
  0.41212E+01  0.23341E-02
  0.41480E+01  0.21391E-02
  0.41748E+01  0.19552E-02
  0.42015E+01  0.17822E-02
  0.42283E+01  0.16198E-02
  0.42550E+01  0.14678E-02
  0.42818E+01  0.13258E-02
  0.43086E+01  0.11935E-02
  0.43353E+01  0.10706E-02
  0.43621E+01  0.95653E-03
  0.43888E+01  0.85105E-03
  0.44156E+01  0.75371E-03
  0.44424E+01  0.66411E-03
  0.44691E+01  0.58184E-03
  0.44959E+01  0.50649E-03
  0.45226E+01  0.43766E-03
  0.45494E+01  0.37498E-03
  0.45762E+01  0.31805E-03
  0.46029E+01  0.26651E-03
  0.46297E+01  0.21999E-03
  0.46565E+01  0.17815E-03
  0.46832E+01  0.14066E-03
  0.47100E+01  0.10720E-03
  0.47367E+01  0.77466E-04
  0.47635E+01  0.51166E-04
  0.47903E+01  0.28025E-04
  0.48170E+01  0.77845E-05
  0.48438E+01  -.98025E-05
  0.48705E+01  -.24967E-04
  0.48973E+01  -.37928E-04
  0.49241E+01  -.48888E-04
  0.49508E+01  -.58039E-04
  0.49776E+01  -.65558E-04
  0.50043E+01  -.71610E-04
  0.50311E+01  -.76350E-04
  0.50579E+01  -.79920E-04
  0.50846E+01  -.82452E-04
  0.51114E+01  -.84066E-04
  0.51381E+01  -.84874E-04
  0.51649E+01  -.84978E-04
  0.51917E+01  -.84472E-04
  0.52184E+01  -.83441E-04
  0.52452E+01  -.81962E-04
  0.52720E+01  -.80106E-04
  0.52987E+01  -.77936E-04
  0.53255E+01  -.75509E-04
  0.53522E+01  -.72877E-04
  0.53790E+01  -.70086E-04
  0.54058E+01  -.67176E-04
  0.54325E+01  -.64184E-04
  0.54593E+01  -.61142E-04
  0.54860E+01  -.58078E-04
  0.55128E+01  -.55017E-04
  0.55396E+01  -.51979E-04
  0.55663E+01  -.48982E-04
  0.55931E+01  -.46043E-04
  0.56198E+01  -.43174E-04
  0.56466E+01  -.40386E-04
  0.56734E+01  -.37687E-04
  0.57001E+01  -.35085E-04
  0.57269E+01  -.32585E-04
  0.57537E+01  -.30191E-04
  0.57804E+01  -.27905E-04
  0.58072E+01  -.25729E-04
  0.58339E+01  -.23664E-04
  0.58607E+01  -.21709E-04
  0.58875E+01  -.19863E-04
  0.59142E+01  -.18125E-04
  0.59410E+01  -.16492E-04
  0.59677E+01  -.14962E-04
  0.59945E+01  -.13532E-04
  0.60213E+01  -.12198E-04
  0.60480E+01  -.10957E-04
  0.60748E+01  -.98050E-05
  0.61015E+01  -.87384E-05
  0.61283E+01  -.77533E-05
  0.61551E+01  -.68455E-05
  0.61818E+01  -.60111E-05
  0.62086E+01  -.52462E-05
  0.62354E+01  -.45468E-05
  0.62621E+01  -.39091E-05
  0.62889E+01  -.33293E-05
  0.63156E+01  -.28037E-05
  0.63424E+01  -.23287E-05
  0.63692E+01  -.19010E-05
  0.63959E+01  -.15172E-05
  0.64227E+01  -.11740E-05
  0.64494E+01  -.86856E-06
  0.64762E+01  -.59787E-06
  0.65030E+01  -.35921E-06
  0.65297E+01  -.14996E-06
  0.65565E+01  0.32338E-07
  0.65832E+01  0.19002E-06
  0.66100E+01  0.32527E-06
  0.66368E+01  0.44014E-06
  0.66635E+01  0.53655E-06
  0.66903E+01  0.61629E-06
  0.67171E+01  0.68104E-06
  0.67438E+01  0.73235E-06
  0.67706E+01  0.77165E-06
  0.67973E+01  0.80027E-06
  0.68241E+01  0.81945E-06
  0.68509E+01  0.83032E-06
  0.68776E+01  0.83390E-06
  0.69044E+01  0.83114E-06
  0.69311E+01  0.82293E-06
  0.69579E+01  0.81004E-06
  0.69847E+01  0.79318E-06
  0.70114E+01  0.77302E-06
  0.70382E+01  0.75013E-06
  0.70649E+01  0.72503E-06
  0.70917E+01  0.69821E-06
  0.71185E+01  0.67007E-06
  0.71452E+01  0.64100E-06
  0.71720E+01  0.61132E-06
  0.71988E+01  0.58132E-06
  0.72255E+01  0.55125E-06
  0.72523E+01  0.52134E-06
  0.72790E+01  0.49177E-06
  0.73058E+01  0.46271E-06
  0.73326E+01  0.43428E-06
  0.73593E+01  0.40662E-06
  0.73861E+01  0.37980E-06
  0.74128E+01  0.35390E-06
  0.74396E+01  0.32899E-06
  0.74664E+01  0.30510E-06
  0.74931E+01  0.28226E-06
  0.75199E+01  0.26050E-06
  0.75466E+01  0.23983E-06
  0.75734E+01  0.22023E-06
  0.76002E+01  0.20171E-06
  0.76269E+01  0.18426E-06
  0.76537E+01  0.16785E-06
  0.76804E+01  0.15245E-06
  0.77072E+01  0.13805E-06
  0.77340E+01  0.12460E-06
  0.77607E+01  0.11208E-06
  0.77875E+01  0.10045E-06
  0.78143E+01  0.89665E-07
  0.78410E+01  0.79697E-07
  0.78678E+01  0.70504E-07
  0.78945E+01  0.62046E-07
  0.79213E+01  0.54284E-07
  0.79481E+01  0.47180E-07
  0.79748E+01  0.40695E-07
  0.80016E+01  0.34792E-07
