2.68E-02	2.98E+01
5.35E-02	2.94E+01
8.03E-02	2.87E+01
1.07E-01	2.79E+01
1.34E-01	2.69E+01
1.61E-01	2.57E+01
1.87E-01	2.43E+01
2.14E-01	2.27E+01
2.41E-01	2.10E+01
2.68E-01	1.91E+01
2.94E-01	1.71E+01
3.21E-01	1.50E+01
3.48E-01	1.28E+01
3.75E-01	1.05E+01
4.01E-01	8.06E+00
4.28E-01	5.61E+00
4.55E-01	3.13E+00
4.82E-01	6.15E-01
5.08E-01	-1.90E+00
5.35E-01	-4.40E+00
5.62E-01	-6.87E+00
5.89E-01	-9.29E+00
6.16E-01	-1.17E+01
6.42E-01	-1.39E+01
6.69E-01	-1.61E+01
6.96E-01	-1.82E+01
7.23E-01	-2.01E+01
7.49E-01	-2.19E+01
7.76E-01	-2.35E+01
8.03E-01	-2.50E+01
8.30E-01	-2.63E+01
8.56E-01	-2.74E+01
8.83E-01	-2.84E+01
9.10E-01	-2.91E+01
9.37E-01	-2.96E+01
9.63E-01	-2.99E+01
9.90E-01	-3.00E+01
1.02E+00	-2.99E+01
1.04E+00	-2.96E+01
1.07E+00	-2.91E+01
1.10E+00	-2.83E+01
1.12E+00	-2.74E+01
1.15E+00	-2.63E+01
1.18E+00	-2.50E+01
1.20E+00	-2.35E+01
1.23E+00	-2.19E+01
1.26E+00	-2.01E+01
1.28E+00	-1.81E+01
1.31E+00	-1.61E+01
1.34E+00	-1.39E+01
1.36E+00	-1.16E+01
1.39E+00	-9.24E+00
1.42E+00	-6.82E+00
1.45E+00	-4.35E+00
1.47E+00	-1.84E+00
1.50E+00	6.70E-01
1.53E+00	3.18E+00
1.55E+00	5.67E+00
1.58E+00	8.12E+00
1.61E+00	1.05E+01
1.63E+00	1.28E+01
1.66E+00	1.51E+01
1.69E+00	1.72E+01
1.71E+00	1.92E+01
1.74E+00	2.10E+01
1.77E+00	2.28E+01
1.79E+00	2.43E+01
1.82E+00	2.57E+01
1.85E+00	2.69E+01
1.87E+00	2.79E+01
1.90E+00	2.88E+01
1.93E+00	2.94E+01
1.95E+00	2.98E+01
1.98E+00	3.00E+01
2.01E+00	3.00E+01
2.03E+00	2.98E+01
2.06E+00	2.94E+01
2.09E+00	2.87E+01
2.11E+00	2.79E+01
2.14E+00	2.69E+01
2.17E+00	2.57E+01
2.19E+00	2.43E+01
2.22E+00	2.27E+01
2.25E+00	2.10E+01
2.27E+00	1.91E+01
2.30E+00	1.71E+01
2.33E+00	1.50E+01
2.36E+00	1.27E+01
2.38E+00	1.04E+01
2.41E+00	8.01E+00
2.44E+00	5.56E+00
2.46E+00	3.07E+00
2.49E+00	5.60E-01
2.52E+00	-1.95E+00
2.54E+00	-4.46E+00
2.57E+00	-6.93E+00
2.60E+00	-9.35E+00
2.62E+00	-1.17E+01
2.65E+00	-1.40E+01
2.68E+00	-1.62E+01
2.70E+00	-1.82E+01
2.73E+00	-2.01E+01
2.76E+00	-2.19E+01
2.78E+00	-2.36E+01
2.81E+00	-2.51E+01
2.84E+00	-2.64E+01
2.86E+00	-2.75E+01
2.89E+00	-2.84E+01
2.92E+00	-2.91E+01
2.94E+00	-2.96E+01
2.97E+00	-2.99E+01
3.00E+00	-3.00E+01
3.02E+00	-2.99E+01
3.05E+00	-2.96E+01
3.08E+00	-2.91E+01
3.10E+00	-2.83E+01
3.13E+00	-2.74E+01
3.16E+00	-2.63E+01
3.18E+00	-2.50E+01
3.21E+00	-2.35E+01
3.24E+00	-2.18E+01
3.26E+00	-2.00E+01
3.29E+00	-1.81E+01
3.32E+00	-1.60E+01
3.35E+00	-1.38E+01
3.37E+00	-1.16E+01
3.40E+00	-9.19E+00
3.43E+00	-6.76E+00
3.45E+00	-4.29E+00
3.48E+00	-1.79E+00
3.51E+00	7.26E-01
3.53E+00	3.24E+00
3.56E+00	5.72E+00
3.59E+00	8.17E+00
3.61E+00	1.06E+01
3.64E+00	1.29E+01
3.67E+00	1.51E+01
3.69E+00	1.72E+01
3.72E+00	1.92E+01
3.75E+00	2.11E+01
3.77E+00	2.28E+01
3.80E+00	2.44E+01
3.83E+00	2.57E+01
3.85E+00	2.69E+01
3.88E+00	2.80E+01
3.91E+00	2.88E+01
3.93E+00	2.94E+01
3.96E+00	2.98E+01
3.99E+00	3.00E+01
4.01E+00	3.00E+01
4.04E+00	2.98E+01
4.07E+00	2.93E+01
4.09E+00	2.87E+01
4.12E+00	2.79E+01
4.15E+00	2.68E+01
4.17E+00	2.56E+01
4.20E+00	2.42E+01
4.23E+00	2.27E+01
4.26E+00	2.09E+01
4.28E+00	1.90E+01
4.31E+00	1.70E+01
4.34E+00	1.49E+01
4.36E+00	1.27E+01
4.39E+00	1.04E+01
4.42E+00	7.96E+00
4.44E+00	5.51E+00
4.47E+00	3.02E+00
4.50E+00	5.05E-01
4.52E+00	-2.01E+00
4.55E+00	-4.51E+00
4.58E+00	-6.98E+00
4.60E+00	-9.40E+00
4.63E+00	-1.18E+01
4.66E+00	-1.40E+01
4.68E+00	-1.62E+01
4.71E+00	-1.83E+01
4.74E+00	-2.02E+01
4.76E+00	-2.20E+01
4.79E+00	-2.36E+01
4.82E+00	-2.51E+01
4.84E+00	-2.64E+01
4.87E+00	-2.75E+01
4.90E+00	-2.84E+01
4.92E+00	-2.91E+01
4.95E+00	-2.96E+01
4.98E+00	-2.99E+01
5.00E+00	-3.00E+01
5.03E+00	-2.99E+01
5.06E+00	-2.96E+01
5.08E+00	-2.90E+01
5.11E+00	-2.83E+01
5.14E+00	-2.74E+01
5.16E+00	-2.62E+01
5.19E+00	-2.49E+01
5.22E+00	-2.34E+01
5.25E+00	-2.18E+01
5.27E+00	-2.00E+01
5.30E+00	-1.80E+01
5.33E+00	-1.60E+01
5.35E+00	-1.38E+01
5.38E+00	-1.15E+01
5.41E+00	-9.14E+00
5.43E+00	-6.71E+00
5.46E+00	-4.24E+00
5.49E+00	-1.73E+00
5.51E+00	7.81E-01
5.54E+00	3.29E+00
5.57E+00	5.78E+00
5.59E+00	8.22E+00
5.62E+00	1.06E+01
5.65E+00	1.29E+01
5.67E+00	1.51E+01
5.70E+00	1.73E+01
5.73E+00	1.93E+01
5.75E+00	2.11E+01
5.78E+00	2.28E+01
5.81E+00	2.44E+01
5.83E+00	2.58E+01
5.86E+00	2.70E+01
5.89E+00	2.80E+01
5.91E+00	2.88E+01
5.94E+00	2.94E+01
5.97E+00	2.98E+01
5.99E+00	3.00E+01
6.02E+00	3.00E+01
6.05E+00	2.98E+01
6.07E+00	2.93E+01
6.10E+00	2.87E+01
6.13E+00	2.79E+01
6.16E+00	2.68E+01
6.18E+00	2.56E+01
6.21E+00	2.42E+01
6.24E+00	2.26E+01
6.26E+00	2.09E+01
6.29E+00	1.90E+01
6.32E+00	1.70E+01
6.34E+00	1.49E+01
6.37E+00	1.26E+01
6.40E+00	1.03E+01
6.42E+00	7.90E+00
6.45E+00	5.45E+00
6.48E+00	2.96E+00
6.50E+00	4.50E-01
6.53E+00	-2.07E+00
6.56E+00	-4.57E+00
6.58E+00	-7.03E+00
6.61E+00	-9.45E+00
6.64E+00	-1.18E+01
6.66E+00	-1.41E+01
6.69E+00	-1.62E+01
6.72E+00	-1.83E+01
6.74E+00	-2.02E+01
6.77E+00	-2.20E+01
6.80E+00	-2.36E+01
6.82E+00	-2.51E+01
6.85E+00	-2.64E+01
6.88E+00	-2.75E+01
6.90E+00	-2.84E+01
6.93E+00	-2.91E+01
6.96E+00	-2.96E+01
6.98E+00	-2.99E+01
7.01E+00	-3.00E+01
7.04E+00	-2.99E+01
7.06E+00	-2.96E+01
7.09E+00	-2.90E+01
7.12E+00	-2.83E+01
7.15E+00	-2.74E+01
7.17E+00	-2.62E+01
7.20E+00	-2.49E+01
7.23E+00	-2.34E+01
7.25E+00	-2.18E+01
7.28E+00	-1.99E+01
7.31E+00	-1.80E+01
7.33E+00	-1.59E+01
7.36E+00	-1.37E+01
7.39E+00	-1.14E+01
7.41E+00	-9.08E+00
7.44E+00	-6.66E+00
7.47E+00	-4.18E+00
7.49E+00	-1.68E+00
7.52E+00	8.36E-01
7.55E+00	3.35E+00
7.57E+00	5.83E+00
7.60E+00	8.28E+00
7.63E+00	1.07E+01
7.65E+00	1.30E+01
7.68E+00	1.52E+01
7.71E+00	1.73E+01
7.73E+00	1.93E+01
7.76E+00	2.12E+01
7.79E+00	2.29E+01
7.81E+00	2.44E+01
7.84E+00	2.58E+01
7.87E+00	2.70E+01
7.89E+00	2.80E+01
7.92E+00	2.88E+01
7.95E+00	2.94E+01
7.97E+00	2.98E+01
8.00E+00	3.00E+01
