  0.26761E-01  0.29789E+02
  0.53522E-01  0.29398E+02
  0.80284E-01  0.28853E+02
  0.10704E+00  0.28178E+02
  0.13381E+00  0.27395E+02
  0.16057E+00  0.26525E+02
  0.18733E+00  0.25586E+02
  0.21409E+00  0.24592E+02
  0.24085E+00  0.23559E+02
  0.26761E+00  0.22499E+02
  0.29437E+00  0.21422E+02
  0.32113E+00  0.20340E+02
  0.34790E+00  0.19259E+02
  0.37466E+00  0.18188E+02
  0.40142E+00  0.17132E+02
  0.42818E+00  0.16098E+02
  0.45494E+00  0.15089E+02
  0.48170E+00  0.14109E+02
  0.50846E+00  0.13161E+02
  0.53522E+00  0.12248E+02
  0.56199E+00  0.11371E+02
  0.58875E+00  0.10531E+02
  0.61551E+00  0.97300E+01
  0.64227E+00  0.89678E+01
  0.66903E+00  0.82447E+01
  0.69579E+00  0.75604E+01
  0.72255E+00  0.69146E+01
  0.74931E+00  0.63067E+01
  0.77607E+00  0.57359E+01
  0.80284E+00  0.52012E+01
  0.82960E+00  0.47015E+01
  0.85636E+00  0.42357E+01
  0.88312E+00  0.38026E+01
  0.90988E+00  0.34006E+01
  0.93664E+00  0.30286E+01
  0.96340E+00  0.26851E+01
  0.99016E+00  0.23688E+01
  0.10169E+01  0.20781E+01
  0.10437E+01  0.18117E+01
  0.10704E+01  0.15683E+01
  0.10972E+01  0.13464E+01
  0.11240E+01  0.11448E+01
  0.11507E+01  0.96213E+00
  0.11775E+01  0.79714E+00
  0.12043E+01  0.64863E+00
  0.12310E+01  0.51544E+00
  0.12578E+01  0.39645E+00
  0.12845E+01  0.29060E+00
  0.13113E+01  0.19688E+00
  0.13381E+01  0.11431E+00
  0.13648E+01  0.41991E-01
  0.13916E+01  -.20947E-01
  0.14183E+01  -.75316E-01
  0.14451E+01  -.12188E+00
  0.14719E+01  -.16136E+00
  0.14986E+01  -.19443E+00
  0.15254E+01  -.22170E+00
  0.15521E+01  -.24377E+00
  0.15789E+01  -.26118E+00
  0.16057E+01  -.27442E+00
  0.16324E+01  -.28397E+00
  0.16592E+01  -.29024E+00
  0.16860E+01  -.29364E+00
  0.17127E+01  -.29453E+00
  0.17395E+01  -.29322E+00
  0.17662E+01  -.29004E+00
  0.17930E+01  -.28524E+00
  0.18198E+01  -.27909E+00
  0.18465E+01  -.27180E+00
  0.18733E+01  -.26357E+00
  0.19000E+01  -.25460E+00
  0.19268E+01  -.24504E+00
  0.19536E+01  -.23504E+00
  0.19803E+01  -.22473E+00
  0.20071E+01  -.21422E+00
  0.20338E+01  -.20362E+00
  0.20606E+01  -.19300E+00
  0.20874E+01  -.18245E+00
  0.21141E+01  -.17203E+00
  0.21409E+01  -.16180E+00
  0.21677E+01  -.15180E+00
  0.21944E+01  -.14208E+00
  0.22212E+01  -.13265E+00
  0.22479E+01  -.12356E+00
  0.22747E+01  -.11482E+00
  0.23015E+01  -.10644E+00
  0.23282E+01  -.98436E-01
  0.23550E+01  -.90811E-01
  0.23817E+01  -.83570E-01
  0.24085E+01  -.76710E-01
  0.24353E+01  -.70231E-01
  0.24620E+01  -.64125E-01
  0.24888E+01  -.58386E-01
  0.25156E+01  -.53006E-01
  0.25423E+01  -.47973E-01
  0.25691E+01  -.43277E-01
  0.25958E+01  -.38906E-01
  0.26226E+01  -.34846E-01
  0.26494E+01  -.31085E-01
  0.26761E+01  -.27609E-01
  0.27029E+01  -.24405E-01
  0.27296E+01  -.21458E-01
  0.27564E+01  -.18755E-01
  0.27832E+01  -.16281E-01
  0.28099E+01  -.14025E-01
  0.28367E+01  -.11972E-01
  0.28635E+01  -.10109E-01
  0.28902E+01  -.84254E-02
  0.29170E+01  -.69075E-02
  0.29437E+01  -.55442E-02
  0.29705E+01  -.43245E-02
  0.29973E+01  -.32376E-02
  0.30240E+01  -.22734E-02
  0.30508E+01  -.14222E-02
  0.30775E+01  -.67501E-03
  0.31043E+01  -.23027E-04
  0.31311E+01  0.54188E-03
  0.31578E+01  0.10274E-02
  0.31846E+01  0.14407E-02
  0.32113E+01  0.17886E-02
  0.32381E+01  0.20775E-02
  0.32649E+01  0.23130E-02
  0.32916E+01  0.25009E-02
  0.33184E+01  0.26460E-02
  0.33452E+01  0.27532E-02
  0.33719E+01  0.28267E-02
  0.33987E+01  0.28705E-02
  0.34254E+01  0.28883E-02
  0.34522E+01  0.28835E-02
  0.34790E+01  0.28590E-02
  0.35057E+01  0.28178E-02
  0.35325E+01  0.27623E-02
  0.35592E+01  0.26949E-02
  0.35860E+01  0.26175E-02
  0.36128E+01  0.25322E-02
  0.36395E+01  0.24404E-02
  0.36663E+01  0.23439E-02
  0.36931E+01  0.22438E-02
  0.37198E+01  0.21413E-02
  0.37466E+01  0.20376E-02
  0.37733E+01  0.19334E-02
  0.38001E+01  0.18296E-02
  0.38269E+01  0.17268E-02
  0.38536E+01  0.16257E-02
  0.38804E+01  0.15266E-02
  0.39071E+01  0.14302E-02
  0.39339E+01  0.13366E-02
  0.39607E+01  0.12461E-02
  0.39874E+01  0.11590E-02
  0.40142E+01  0.10754E-02
  0.40409E+01  0.99548E-03
  0.40677E+01  0.91924E-03
  0.40945E+01  0.84676E-03
  0.41212E+01  0.77803E-03
  0.41480E+01  0.71303E-03
  0.41748E+01  0.65173E-03
  0.42015E+01  0.59406E-03
  0.42283E+01  0.53993E-03
  0.42550E+01  0.48926E-03
  0.42818E+01  0.44193E-03
  0.43086E+01  0.39784E-03
  0.43353E+01  0.35685E-03
  0.43621E+01  0.31884E-03
  0.43888E+01  0.28368E-03
  0.44156E+01  0.25124E-03
  0.44424E+01  0.22137E-03
  0.44691E+01  0.19395E-03
  0.44959E+01  0.16883E-03
  0.45226E+01  0.14589E-03
  0.45494E+01  0.12499E-03
  0.45762E+01  0.10602E-03
  0.46029E+01  0.88835E-04
  0.46297E+01  0.73329E-04
  0.46565E+01  0.59384E-04
  0.46832E+01  0.46887E-04
  0.47100E+01  0.35734E-04
  0.47367E+01  0.25822E-04
  0.47635E+01  0.17055E-04
  0.47903E+01  0.93418E-05
  0.48170E+01  0.25949E-05
  0.48438E+01  -.32674E-05
  0.48705E+01  -.83224E-05
  0.48973E+01  -.12643E-04
  0.49241E+01  -.16296E-04
  0.49508E+01  -.19346E-04
  0.49776E+01  -.21852E-04
  0.50043E+01  -.23870E-04
  0.50311E+01  -.25450E-04
  0.50579E+01  -.26640E-04
  0.50846E+01  -.27484E-04
  0.51114E+01  -.28022E-04
  0.51381E+01  -.28291E-04
  0.51649E+01  -.28326E-04
  0.51917E+01  -.28157E-04
  0.52184E+01  -.27814E-04
  0.52452E+01  -.27321E-04
  0.52720E+01  -.26702E-04
  0.52987E+01  -.25979E-04
  0.53255E+01  -.25170E-04
  0.53522E+01  -.24292E-04
  0.53790E+01  -.23362E-04
  0.54058E+01  -.22392E-04
  0.54325E+01  -.21395E-04
  0.54593E+01  -.20381E-04
  0.54860E+01  -.19359E-04
  0.55128E+01  -.18339E-04
  0.55396E+01  -.17326E-04
  0.55663E+01  -.16327E-04
  0.55931E+01  -.15348E-04
  0.56198E+01  -.14391E-04
  0.56466E+01  -.13462E-04
  0.56734E+01  -.12562E-04
  0.57001E+01  -.11695E-04
  0.57269E+01  -.10862E-04
  0.57537E+01  -.10064E-04
  0.57804E+01  -.93017E-05
  0.58072E+01  -.85764E-05
  0.58339E+01  -.78880E-05
  0.58607E+01  -.72364E-05
  0.58875E+01  -.66211E-05
  0.59142E+01  -.60417E-05
  0.59410E+01  -.54975E-05
  0.59677E+01  -.49874E-05
  0.59945E+01  -.45106E-05
  0.60213E+01  -.40660E-05
  0.60480E+01  -.36523E-05
  0.60748E+01  -.32683E-05
  0.61015E+01  -.29128E-05
  0.61283E+01  -.25844E-05
  0.61551E+01  -.22818E-05
  0.61818E+01  -.20037E-05
  0.62086E+01  -.17487E-05
  0.62354E+01  -.15156E-05
  0.62621E+01  -.13030E-05
  0.62889E+01  -.11098E-05
  0.63156E+01  -.93457E-06
  0.63424E+01  -.77625E-06
  0.63692E+01  -.63367E-06
  0.63959E+01  -.50572E-06
  0.64227E+01  -.39134E-06
  0.64494E+01  -.28952E-06
  0.64762E+01  -.19929E-06
  0.65030E+01  -.11974E-06
  0.65297E+01  -.49989E-07
  0.65565E+01  0.10779E-07
  0.65832E+01  0.63340E-07
  0.66100E+01  0.10842E-06
  0.66368E+01  0.14671E-06
  0.66635E+01  0.17885E-06
  0.66903E+01  0.20543E-06
  0.67171E+01  0.22701E-06
  0.67438E+01  0.24412E-06
  0.67706E+01  0.25722E-06
  0.67973E+01  0.26676E-06
  0.68241E+01  0.27315E-06
  0.68509E+01  0.27677E-06
  0.68776E+01  0.27797E-06
  0.69044E+01  0.27705E-06
  0.69311E+01  0.27431E-06
  0.69579E+01  0.27001E-06
  0.69847E+01  0.26439E-06
  0.70114E+01  0.25767E-06
  0.70382E+01  0.25004E-06
  0.70649E+01  0.24168E-06
  0.70917E+01  0.23274E-06
  0.71185E+01  0.22336E-06
  0.71452E+01  0.21367E-06
  0.71720E+01  0.20377E-06
  0.71988E+01  0.19377E-06
  0.72255E+01  0.18375E-06
  0.72523E+01  0.17378E-06
  0.72790E+01  0.16392E-06
  0.73058E+01  0.15424E-06
  0.73326E+01  0.14476E-06
  0.73593E+01  0.13554E-06
  0.73861E+01  0.12660E-06
  0.74128E+01  0.11797E-06
  0.74396E+01  0.10966E-06
  0.74664E+01  0.10170E-06
  0.74931E+01  0.94088E-07
  0.75199E+01  0.86834E-07
  0.75466E+01  0.79942E-07
  0.75734E+01  0.73411E-07
  0.76002E+01  0.67238E-07
  0.76269E+01  0.61420E-07
  0.76537E+01  0.55949E-07
  0.76804E+01  0.50817E-07
  0.77072E+01  0.46016E-07
  0.77340E+01  0.41534E-07
  0.77607E+01  0.37360E-07
  0.77875E+01  0.33482E-07
  0.78143E+01  0.29888E-07
  0.78410E+01  0.26566E-07
  0.78678E+01  0.23501E-07
  0.78945E+01  0.20682E-07
  0.79213E+01  0.18095E-07
  0.79481E+01  0.15727E-07
  0.79748E+01  0.13565E-07
  0.80016E+01  0.11597E-07
