  0.26761E-01  0.29789E+01
  0.53522E-01  0.29370E+01
  0.80284E-01  0.28746E+01
  0.10704E+00  0.27922E+01
  0.13381E+00  0.26904E+01
  0.16057E+00  0.25700E+01
  0.18733E+00  0.24319E+01
  0.21409E+00  0.22771E+01
  0.24085E+00  0.21067E+01
  0.26761E+00  0.19220E+01
  0.29437E+00  0.17243E+01
  0.32113E+00  0.15150E+01
  0.34790E+00  0.12957E+01
  0.37466E+00  0.10678E+01
  0.40142E+00  0.83305E+00
  0.42818E+00  0.59309E+00
  0.45494E+00  0.34961E+00
  0.48170E+00  0.10432E+00
  0.50846E+00  -.14104E+00
  0.53522E+00  -.38475E+00
  0.56199E+00  -.62511E+00
  0.58875E+00  -.86044E+00
  0.61551E+00  -.10891E+01
  0.64227E+00  -.13095E+01
  0.66903E+00  -.15201E+01
  0.69579E+00  -.17195E+01
  0.72255E+00  -.19063E+01
  0.74931E+00  -.20792E+01
  0.77607E+00  -.22371E+01
  0.80284E+00  -.23788E+01
  0.82960E+00  -.25035E+01
  0.85636E+00  -.26102E+01
  0.88312E+00  -.26984E+01
  0.90988E+00  -.27674E+01
  0.93664E+00  -.28167E+01
  0.96340E+00  -.28462E+01
  0.99016E+00  -.28556E+01
  0.10169E+01  -.28450E+01
  0.10437E+01  -.28144E+01
  0.10704E+01  -.27641E+01
  0.10972E+01  -.26946E+01
  0.11240E+01  -.26063E+01
  0.11507E+01  -.25000E+01
  0.11775E+01  -.23764E+01
  0.12043E+01  -.22365E+01
  0.12310E+01  -.20813E+01
  0.12578E+01  -.19118E+01
  0.12845E+01  -.17294E+01
  0.13113E+01  -.15354E+01
  0.13381E+01  -.13311E+01
  0.13648E+01  -.11180E+01
  0.13916E+01  -.89761E+00
  0.14183E+01  -.67153E+00
  0.14451E+01  -.44133E+00
  0.14719E+01  -.20866E+00
  0.14986E+01  0.24859E-01
  0.15254E+01  0.25758E+00
  0.15521E+01  0.48786E+00
  0.15789E+01  0.71411E+00
  0.16057E+01  0.93474E+00
  0.16324E+01  0.11482E+01
  0.16592E+01  0.13531E+01
  0.16860E+01  0.15479E+01
  0.17127E+01  0.17313E+01
  0.17395E+01  0.19021E+01
  0.17662E+01  0.20590E+01
  0.17930E+01  0.22011E+01
  0.18198E+01  0.23274E+01
  0.18465E+01  0.24370E+01
  0.18733E+01  0.25292E+01
  0.19000E+01  0.26034E+01
  0.19268E+01  0.26592E+01
  0.19536E+01  0.26961E+01
  0.19803E+01  0.27140E+01
  0.20071E+01  0.27128E+01
  0.20338E+01  0.26925E+01
  0.20606E+01  0.26535E+01
  0.20874E+01  0.25959E+01
  0.21141E+01  0.25202E+01
  0.21409E+01  0.24271E+01
  0.21677E+01  0.23171E+01
  0.21944E+01  0.21913E+01
  0.22212E+01  0.20503E+01
  0.22479E+01  0.18954E+01
  0.22747E+01  0.17275E+01
  0.23015E+01  0.15480E+01
  0.23282E+01  0.13581E+01
  0.23550E+01  0.11592E+01
  0.23817E+01  0.95266E+00
  0.24085E+01  0.74000E+00
  0.24353E+01  0.52272E+00
  0.24620E+01  0.30235E+00
  0.24888E+01  0.80448E-01
  0.25156E+01  -.14143E+00
  0.25423E+01  -.36171E+00
  0.25691E+01  -.57887E+00
  0.25958E+01  -.79139E+00
  0.26226E+01  -.99778E+00
  0.26494E+01  -.11966E+01
  0.26761E+01  -.13865E+01
  0.27029E+01  -.15662E+01
  0.27296E+01  -.17344E+01
  0.27564E+01  -.18900E+01
  0.27832E+01  -.20318E+01
  0.28099E+01  -.21591E+01
  0.28367E+01  -.22709E+01
  0.28635E+01  -.23664E+01
  0.28902E+01  -.24450E+01
  0.29170E+01  -.25063E+01
  0.29437E+01  -.25498E+01
  0.29705E+01  -.25754E+01
  0.29973E+01  -.25827E+01
  0.30240E+01  -.25720E+01
  0.30508E+01  -.25432E+01
  0.30775E+01  -.24966E+01
  0.31043E+01  -.24327E+01
  0.31311E+01  -.23518E+01
  0.31578E+01  -.22546E+01
  0.31846E+01  -.21419E+01
  0.32113E+01  -.20145E+01
  0.32381E+01  -.18732E+01
  0.32649E+01  -.17192E+01
  0.32916E+01  -.15535E+01
  0.33184E+01  -.13774E+01
  0.33452E+01  -.11921E+01
  0.33719E+01  -.99889E+00
  0.33987E+01  -.79920E+00
  0.34254E+01  -.59444E+00
  0.34522E+01  -.38605E+00
  0.34790E+01  -.17551E+00
  0.35057E+01  0.35700E-01
  0.35325E+01  0.24609E+00
  0.35592E+01  0.45419E+00
  0.35860E+01  0.65855E+00
  0.36128E+01  0.85774E+00
  0.36395E+01  0.10504E+01
  0.36663E+01  0.12351E+01
  0.36931E+01  0.14107E+01
  0.37198E+01  0.15759E+01
  0.37466E+01  0.17296E+01
  0.37733E+01  0.18708E+01
  0.38001E+01  0.19984E+01
  0.38269E+01  0.21117E+01
  0.38536E+01  0.22099E+01
  0.38804E+01  0.22923E+01
  0.39071E+01  0.23584E+01
  0.39339E+01  0.24077E+01
  0.39607E+01  0.24400E+01
  0.39874E+01  0.24551E+01
  0.40142E+01  0.24530E+01
  0.40409E+01  0.24336E+01
  0.40677E+01  0.23972E+01
  0.40945E+01  0.23441E+01
  0.41212E+01  0.22747E+01
  0.41480E+01  0.21894E+01
  0.41748E+01  0.20891E+01
  0.42015E+01  0.19743E+01
  0.42283E+01  0.18460E+01
  0.42550E+01  0.17051E+01
  0.42818E+01  0.15526E+01
  0.43086E+01  0.13896E+01
  0.43353E+01  0.12173E+01
  0.43621E+01  0.10369E+01
  0.43888E+01  0.84976E+00
  0.44156E+01  0.65712E+00
  0.44424E+01  0.46037E+00
  0.44691E+01  0.26093E+00
  0.44959E+01  0.60183E-01
  0.45226E+01  -.14045E+00
  0.45494E+01  -.33955E+00
  0.45762E+01  -.53574E+00
  0.46029E+01  -.72765E+00
  0.46297E+01  -.91394E+00
  0.46565E+01  -.10933E+01
  0.46832E+01  -.12645E+01
  0.47100E+01  -.14264E+01
  0.47367E+01  -.15779E+01
  0.47635E+01  -.17178E+01
  0.47903E+01  -.18454E+01
  0.48170E+01  -.19596E+01
  0.48438E+01  -.20598E+01
  0.48705E+01  -.21452E+01
  0.48973E+01  -.22154E+01
  0.49241E+01  -.22698E+01
  0.49508E+01  -.23082E+01
  0.49776E+01  -.23302E+01
  0.50043E+01  -.23359E+01
  0.50311E+01  -.23251E+01
  0.50579E+01  -.22981E+01
  0.50846E+01  -.22550E+01
  0.51114E+01  -.21961E+01
  0.51381E+01  -.21220E+01
  0.51649E+01  -.20333E+01
  0.51917E+01  -.19305E+01
  0.52184E+01  -.18144E+01
  0.52452E+01  -.16859E+01
  0.52720E+01  -.15459E+01
  0.52987E+01  -.13954E+01
  0.53255E+01  -.12356E+01
  0.53522E+01  -.10675E+01
  0.53790E+01  -.89232E+00
  0.54058E+01  -.71138E+00
  0.54325E+01  -.52593E+00
  0.54593E+01  -.33729E+00
  0.54860E+01  -.14679E+00
  0.55128E+01  0.44239E-01
  0.55396E+01  0.23444E+00
  0.55663E+01  0.42249E+00
  0.55931E+01  0.60707E+00
  0.56198E+01  0.78690E+00
  0.56466E+01  0.96072E+00
  0.56734E+01  0.11273E+01
  0.57001E+01  0.12856E+01
  0.57269E+01  0.14344E+01
  0.57537E+01  0.15727E+01
  0.57804E+01  0.16997E+01
  0.58072E+01  0.18143E+01
  0.58339E+01  0.19160E+01
  0.58607E+01  0.20039E+01
  0.58875E+01  0.20775E+01
  0.59142E+01  0.21363E+01
  0.59410E+01  0.21800E+01
  0.59677E+01  0.22083E+01
  0.59945E+01  0.22209E+01
  0.60213E+01  0.22180E+01
  0.60480E+01  0.21995E+01
  0.60748E+01  0.21656E+01
  0.61015E+01  0.21167E+01
  0.61283E+01  0.20529E+01
  0.61551E+01  0.19750E+01
  0.61818E+01  0.18834E+01
  0.62086E+01  0.17788E+01
  0.62354E+01  0.16620E+01
  0.62621E+01  0.15339E+01
  0.62889E+01  0.13953E+01
  0.63156E+01  0.12474E+01
  0.63424E+01  0.10910E+01
  0.63692E+01  0.92746E+00
  0.63959E+01  0.75781E+00
  0.64227E+01  0.58330E+00
  0.64494E+01  0.40516E+00
  0.64762E+01  0.22466E+00
  0.65030E+01  0.43057E-01
  0.65297E+01  -.13836E+00
  0.65565E+01  -.31832E+00
  0.65832E+01  -.49556E+00
  0.66100E+01  -.66885E+00
  0.66368E+01  -.83698E+00
  0.66635E+01  -.99879E+00
  0.66903E+01  -.11532E+01
  0.67171E+01  -.12990E+01
  0.67438E+01  -.14354E+01
  0.67706E+01  -.15613E+01
  0.67973E+01  -.16759E+01
  0.68241E+01  -.17784E+01
  0.68509E+01  -.18682E+01
  0.68776E+01  -.19447E+01
  0.69044E+01  -.20073E+01
  0.69311E+01  -.20556E+01
  0.69579E+01  -.20894E+01
  0.69847E+01  -.21084E+01
  0.70114E+01  -.21126E+01
  0.70382E+01  -.21019E+01
  0.70649E+01  -.20765E+01
  0.70917E+01  -.20366E+01
  0.71185E+01  -.19825E+01
  0.71452E+01  -.19147E+01
  0.71720E+01  -.18336E+01
  0.71988E+01  -.17398E+01
  0.72255E+01  -.16341E+01
  0.72523E+01  -.15172E+01
  0.72790E+01  -.13900E+01
  0.73058E+01  -.12533E+01
  0.73326E+01  -.11082E+01
  0.73593E+01  -.95575E+00
  0.73861E+01  -.79697E+00
  0.74128E+01  -.63303E+00
  0.74396E+01  -.46508E+00
  0.74664E+01  -.29432E+00
  0.74931E+01  -.12195E+00
  0.75199E+01  0.50817E-01
  0.75466E+01  0.22276E+00
  0.75734E+01  0.39269E+00
  0.76002E+01  0.55940E+00
  0.76269E+01  0.72174E+00
  0.76537E+01  0.87858E+00
  0.76804E+01  0.10288E+01
  0.77072E+01  0.11715E+01
  0.77340E+01  0.13055E+01
  0.77607E+01  0.14300E+01
  0.77875E+01  0.15441E+01
  0.78143E+01  0.16471E+01
  0.78410E+01  0.17383E+01
  0.78678E+01  0.18170E+01
  0.78945E+01  0.18828E+01
  0.79213E+01  0.19351E+01
  0.79481E+01  0.19738E+01
  0.79748E+01  0.19984E+01
  0.80016E+01  0.20090E+01
