  0.26761E-01  0.99298E+01
  0.53522E-01  0.97918E+01
  0.80284E-01  0.95888E+01
  0.10704E+00  0.93239E+01
  0.13381E+00  0.90007E+01
  0.16057E+00  0.86229E+01
  0.18733E+00  0.81947E+01
  0.21409E+00  0.77205E+01
  0.24085E+00  0.72048E+01
  0.26761E+00  0.66523E+01
  0.29437E+00  0.60679E+01
  0.32113E+00  0.54566E+01
  0.34790E+00  0.48233E+01
  0.37466E+00  0.41731E+01
  0.40142E+00  0.35111E+01
  0.42818E+00  0.28421E+01
  0.45494E+00  0.21710E+01
  0.48170E+00  0.15027E+01
  0.50846E+00  0.84174E+00
  0.53522E+00  0.19255E+00
  0.56199E+00  -.44062E+00
  0.58875E+00  -.10538E+01
  0.61551E+00  -.16431E+01
  0.64227E+00  -.22051E+01
  0.66903E+00  -.27366E+01
  0.69579E+00  -.32347E+01
  0.72255E+00  -.36968E+01
  0.74931E+00  -.41205E+01
  0.77607E+00  -.45040E+01
  0.80284E+00  -.48456E+01
  0.82960E+00  -.51440E+01
  0.85636E+00  -.53984E+01
  0.88312E+00  -.56081E+01
  0.90988E+00  -.57728E+01
  0.93664E+00  -.58926E+01
  0.96340E+00  -.59678E+01
  0.99016E+00  -.59991E+01
  0.10169E+01  -.59875E+01
  0.10437E+01  -.59341E+01
  0.10704E+01  -.58406E+01
  0.10972E+01  -.57085E+01
  0.11240E+01  -.55400E+01
  0.11507E+01  -.53370E+01
  0.11775E+01  -.51021E+01
  0.12043E+01  -.48376E+01
  0.12310E+01  -.45462E+01
  0.12578E+01  -.42307E+01
  0.12845E+01  -.38940E+01
  0.13113E+01  -.35390E+01
  0.13381E+01  -.31686E+01
  0.13648E+01  -.27859E+01
  0.13916E+01  -.23939E+01
  0.14183E+01  -.19955E+01
  0.14451E+01  -.15939E+01
  0.14719E+01  -.11917E+01
  0.14986E+01  -.79203E+00
  0.15254E+01  -.39746E+00
  0.15521E+01  -.10651E-01
  0.15789E+01  0.36588E+00
  0.16057E+01  0.72976E+00
  0.16324E+01  0.10788E+01
  0.16592E+01  0.14109E+01
  0.16860E+01  0.17242E+01
  0.17127E+01  0.20171E+01
  0.17395E+01  0.22879E+01
  0.17662E+01  0.25354E+01
  0.17930E+01  0.27586E+01
  0.18198E+01  0.29563E+01
  0.18465E+01  0.31281E+01
  0.18733E+01  0.32733E+01
  0.19000E+01  0.33916E+01
  0.19268E+01  0.34830E+01
  0.19536E+01  0.35475E+01
  0.19803E+01  0.35853E+01
  0.20071E+01  0.35970E+01
  0.20338E+01  0.35831E+01
  0.20606E+01  0.35445E+01
  0.20874E+01  0.34820E+01
  0.21141E+01  0.33967E+01
  0.21409E+01  0.32899E+01
  0.21677E+01  0.31628E+01
  0.21944E+01  0.30170E+01
  0.22212E+01  0.28538E+01
  0.22479E+01  0.26751E+01
  0.22747E+01  0.24823E+01
  0.23015E+01  0.22772E+01
  0.23282E+01  0.20617E+01
  0.23550E+01  0.18375E+01
  0.23817E+01  0.16063E+01
  0.24085E+01  0.13701E+01
  0.24353E+01  0.11306E+01
  0.24620E+01  0.88957E+00
  0.24888E+01  0.64874E+00
  0.25156E+01  0.40980E+00
  0.25423E+01  0.17438E+00
  0.25691E+01  -.55967E-01
  0.25958E+01  -.27976E+00
  0.26226E+01  -.49559E+00
  0.26494E+01  -.70218E+00
  0.26761E+01  -.89830E+00
  0.27029E+01  -.10829E+01
  0.27296E+01  -.12549E+01
  0.27564E+01  -.14135E+01
  0.27832E+01  -.15580E+01
  0.28099E+01  -.16876E+01
  0.28367E+01  -.18020E+01
  0.28635E+01  -.19006E+01
  0.28902E+01  -.19833E+01
  0.29170E+01  -.20498E+01
  0.29437E+01  -.21002E+01
  0.29705E+01  -.21344E+01
  0.29973E+01  -.21528E+01
  0.30240E+01  -.21556E+01
  0.30508E+01  -.21431E+01
  0.30775E+01  -.21160E+01
  0.31043E+01  -.20747E+01
  0.31311E+01  -.20200E+01
  0.31578E+01  -.19526E+01
  0.31846E+01  -.18733E+01
  0.32113E+01  -.17829E+01
  0.32381E+01  -.16824E+01
  0.32649E+01  -.15729E+01
  0.32916E+01  -.14552E+01
  0.33184E+01  -.13305E+01
  0.33452E+01  -.11997E+01
  0.33719E+01  -.10640E+01
  0.33987E+01  -.92454E+00
  0.34254E+01  -.78229E+00
  0.34522E+01  -.63835E+00
  0.34790E+01  -.49378E+00
  0.35057E+01  -.34962E+00
  0.35325E+01  -.20686E+00
  0.35592E+01  -.66464E-01
  0.35860E+01  0.70637E-01
  0.36128E+01  0.20357E+00
  0.36395E+01  0.33152E+00
  0.36663E+01  0.45372E+00
  0.36931E+01  0.56947E+00
  0.37198E+01  0.67812E+00
  0.37466E+01  0.77910E+00
  0.37733E+01  0.87191E+00
  0.38001E+01  0.95612E+00
  0.38269E+01  0.10314E+01
  0.38536E+01  0.10974E+01
  0.38804E+01  0.11539E+01
  0.39071E+01  0.12008E+01
  0.39339E+01  0.12380E+01
  0.39607E+01  0.12656E+01
  0.39874E+01  0.12835E+01
  0.40142E+01  0.12919E+01
  0.40409E+01  0.12911E+01
  0.40677E+01  0.12812E+01
  0.40945E+01  0.12626E+01
  0.41212E+01  0.12356E+01
  0.41480E+01  0.12007E+01
  0.41748E+01  0.11582E+01
  0.42015E+01  0.11088E+01
  0.42283E+01  0.10529E+01
  0.42550E+01  0.99117E+00
  0.42818E+01  0.92409E+00
  0.43086E+01  0.85233E+00
  0.43353E+01  0.77650E+00
  0.43621E+01  0.69725E+00
  0.43888E+01  0.61523E+00
  0.44156E+01  0.53108E+00
  0.44424E+01  0.44546E+00
  0.44691E+01  0.35901E+00
  0.44959E+01  0.27235E+00
  0.45226E+01  0.18610E+00
  0.45494E+01  0.10084E+00
  0.45762E+01  0.17167E-01
  0.46029E+01  -.64392E-01
  0.46297E+01  -.14332E+00
  0.46565E+01  -.21912E+00
  0.46832E+01  -.29136E+00
  0.47100E+01  -.35962E+00
  0.47367E+01  -.42353E+00
  0.47635E+01  -.48276E+00
  0.47903E+01  -.53702E+00
  0.48170E+01  -.58605E+00
  0.48438E+01  -.62966E+00
  0.48705E+01  -.66768E+00
  0.48973E+01  -.70000E+00
  0.49241E+01  -.72654E+00
  0.49508E+01  -.74727E+00
  0.49776E+01  -.76220E+00
  0.50043E+01  -.77139E+00
  0.50311E+01  -.77491E+00
  0.50579E+01  -.77290E+00
  0.50846E+01  -.76552E+00
  0.51114E+01  -.75296E+00
  0.51381E+01  -.73546E+00
  0.51649E+01  -.71326E+00
  0.51917E+01  -.68665E+00
  0.52184E+01  -.65594E+00
  0.52452E+01  -.62144E+00
  0.52720E+01  -.58350E+00
  0.52987E+01  -.54249E+00
  0.53255E+01  -.49876E+00
  0.53522E+01  -.45270E+00
  0.53790E+01  -.40470E+00
  0.54058E+01  -.35515E+00
  0.54325E+01  -.30442E+00
  0.54593E+01  -.25292E+00
  0.54860E+01  -.20102E+00
  0.55128E+01  -.14910E+00
  0.55396E+01  -.97522E-01
  0.55663E+01  -.46640E-01
  0.55931E+01  0.32083E-02
  0.56198E+01  0.51700E-01
  0.56466E+01  0.98531E-01
  0.56734E+01  0.14342E+00
  0.57001E+01  0.18610E+00
  0.57269E+01  0.22633E+00
  0.57537E+01  0.26389E+00
  0.57804E+01  0.29860E+00
  0.58072E+01  0.33028E+00
  0.58339E+01  0.35880E+00
  0.58607E+01  0.38404E+00
  0.58875E+01  0.40590E+00
  0.59142E+01  0.42433E+00
  0.59410E+01  0.43929E+00
  0.59677E+01  0.45077E+00
  0.59945E+01  0.45877E+00
  0.60213E+01  0.46335E+00
  0.60480E+01  0.46454E+00
  0.60748E+01  0.46245E+00
  0.61015E+01  0.45716E+00
  0.61283E+01  0.44881E+00
  0.61551E+01  0.43753E+00
  0.61818E+01  0.42349E+00
  0.62086E+01  0.40684E+00
  0.62354E+01  0.38779E+00
  0.62621E+01  0.36653E+00
  0.62889E+01  0.34326E+00
  0.63156E+01  0.31820E+00
  0.63424E+01  0.29158E+00
  0.63692E+01  0.26363E+00
  0.63959E+01  0.23458E+00
  0.64227E+01  0.20466E+00
  0.64494E+01  0.17410E+00
  0.64762E+01  0.14313E+00
  0.65030E+01  0.11200E+00
  0.65297E+01  0.80905E-01
  0.65565E+01  0.50078E-01
  0.65832E+01  0.19724E-01
  0.66100E+01  -.99554E-02
  0.66368E+01  -.38771E-01
  0.66635E+01  -.66543E-01
  0.66903E+01  -.93105E-01
  0.67171E+01  -.11830E+00
  0.67438E+01  -.14200E+00
  0.67706E+01  -.16406E+00
  0.67973E+01  -.18438E+00
  0.68241E+01  -.20286E+00
  0.68509E+01  -.21943E+00
  0.68776E+01  -.23401E+00
  0.69044E+01  -.24656E+00
  0.69311E+01  -.25704E+00
  0.69579E+01  -.26544E+00
  0.69847E+01  -.27175E+00
  0.70114E+01  -.27598E+00
  0.70382E+01  -.27816E+00
  0.70649E+01  -.27834E+00
  0.70917E+01  -.27655E+00
  0.71185E+01  -.27287E+00
  0.71452E+01  -.26738E+00
  0.71720E+01  -.26015E+00
  0.71988E+01  -.25130E+00
  0.72255E+01  -.24091E+00
  0.72523E+01  -.22912E+00
  0.72790E+01  -.21603E+00
  0.73058E+01  -.20177E+00
  0.73326E+01  -.18648E+00
  0.73593E+01  -.17030E+00
  0.73861E+01  -.15334E+00
  0.74128E+01  -.13577E+00
  0.74396E+01  -.11771E+00
  0.74664E+01  -.99315E-01
  0.74931E+01  -.80711E-01
  0.75199E+01  -.62039E-01
  0.75466E+01  -.43430E-01
  0.75734E+01  -.25015E-01
  0.76002E+01  -.69175E-02
  0.76269E+01  0.10744E-01
  0.76537E+01  0.27858E-01
  0.76804E+01  0.44319E-01
  0.77072E+01  0.60028E-01
  0.77340E+01  0.74895E-01
  0.77607E+01  0.88839E-01
  0.77875E+01  0.10179E+00
  0.78143E+01  0.11367E+00
  0.78410E+01  0.12444E+00
  0.78678E+01  0.13405E+00
  0.78945E+01  0.14246E+00
  0.79213E+01  0.14965E+00
  0.79481E+01  0.15559E+00
  0.79748E+01  0.16028E+00
  0.80016E+01  0.16372E+00
