  0.26761E-01  0.49649E+02
  0.53522E-01  0.48997E+02
  0.80284E-01  0.48088E+02
  0.10704E+00  0.46963E+02
  0.13381E+00  0.45659E+02
  0.16057E+00  0.44209E+02
  0.18733E+00  0.42643E+02
  0.21409E+00  0.40987E+02
  0.24085E+00  0.39265E+02
  0.26761E+00  0.37498E+02
  0.29437E+00  0.35704E+02
  0.32113E+00  0.33899E+02
  0.34790E+00  0.32098E+02
  0.37466E+00  0.30313E+02
  0.40142E+00  0.28554E+02
  0.42818E+00  0.26830E+02
  0.45494E+00  0.25148E+02
  0.48170E+00  0.23515E+02
  0.50846E+00  0.21935E+02
  0.53522E+00  0.20413E+02
  0.56199E+00  0.18951E+02
  0.58875E+00  0.17552E+02
  0.61551E+00  0.16217E+02
  0.64227E+00  0.14946E+02
  0.66903E+00  0.13741E+02
  0.69579E+00  0.12601E+02
  0.72255E+00  0.11524E+02
  0.74931E+00  0.10511E+02
  0.77607E+00  0.95598E+01
  0.80284E+00  0.86687E+01
  0.82960E+00  0.78359E+01
  0.85636E+00  0.70596E+01
  0.88312E+00  0.63376E+01
  0.90988E+00  0.56677E+01
  0.93664E+00  0.50477E+01
  0.96340E+00  0.44752E+01
  0.99016E+00  0.39479E+01
  0.10169E+01  0.34635E+01
  0.10437E+01  0.30196E+01
  0.10704E+01  0.26139E+01
  0.10972E+01  0.22441E+01
  0.11240E+01  0.19080E+01
  0.11507E+01  0.16036E+01
  0.11775E+01  0.13286E+01
  0.12043E+01  0.10810E+01
  0.12310E+01  0.85906E+00
  0.12578E+01  0.66075E+00
  0.12845E+01  0.48434E+00
  0.13113E+01  0.32813E+00
  0.13381E+01  0.19052E+00
  0.13648E+01  0.69986E-01
  0.13916E+01  -.34910E-01
  0.14183E+01  -.12553E+00
  0.14451E+01  -.20314E+00
  0.14719E+01  -.26894E+00
  0.14986E+01  -.32404E+00
  0.15254E+01  -.36950E+00
  0.15521E+01  -.40629E+00
  0.15789E+01  -.43530E+00
  0.16057E+01  -.45737E+00
  0.16324E+01  -.47328E+00
  0.16592E+01  -.48374E+00
  0.16860E+01  -.48940E+00
  0.17127E+01  -.49088E+00
  0.17395E+01  -.48871E+00
  0.17662E+01  -.48340E+00
  0.17930E+01  -.47540E+00
  0.18198E+01  -.46514E+00
  0.18465E+01  -.45299E+00
  0.18733E+01  -.43929E+00
  0.19000E+01  -.42434E+00
  0.19268E+01  -.40840E+00
  0.19536E+01  -.39174E+00
  0.19803E+01  -.37455E+00
  0.20071E+01  -.35704E+00
  0.20338E+01  -.33936E+00
  0.20606E+01  -.32167E+00
  0.20874E+01  -.30409E+00
  0.21141E+01  -.28672E+00
  0.21409E+01  -.26967E+00
  0.21677E+01  -.25300E+00
  0.21944E+01  -.23679E+00
  0.22212E+01  -.22109E+00
  0.22479E+01  -.20594E+00
  0.22747E+01  -.19137E+00
  0.23015E+01  -.17740E+00
  0.23282E+01  -.16406E+00
  0.23550E+01  -.15135E+00
  0.23817E+01  -.13928E+00
  0.24085E+01  -.12785E+00
  0.24353E+01  -.11705E+00
  0.24620E+01  -.10687E+00
  0.24888E+01  -.97310E-01
  0.25156E+01  -.88343E-01
  0.25423E+01  -.79955E-01
  0.25691E+01  -.72128E-01
  0.25958E+01  -.64843E-01
  0.26226E+01  -.58077E-01
  0.26494E+01  -.51809E-01
  0.26761E+01  -.46016E-01
  0.27029E+01  -.40675E-01
  0.27296E+01  -.35763E-01
  0.27564E+01  -.31258E-01
  0.27832E+01  -.27136E-01
  0.28099E+01  -.23375E-01
  0.28367E+01  -.19953E-01
  0.28635E+01  -.16849E-01
  0.28902E+01  -.14042E-01
  0.29170E+01  -.11512E-01
  0.29437E+01  -.92404E-02
  0.29705E+01  -.72074E-02
  0.29973E+01  -.53959E-02
  0.30240E+01  -.37889E-02
  0.30508E+01  -.23704E-02
  0.30775E+01  -.11250E-02
  0.31043E+01  -.38373E-04
  0.31311E+01  0.90313E-03
  0.31578E+01  0.17123E-02
  0.31846E+01  0.24012E-02
  0.32113E+01  0.29811E-02
  0.32381E+01  0.34624E-02
  0.32649E+01  0.38551E-02
  0.32916E+01  0.41681E-02
  0.33184E+01  0.44100E-02
  0.33452E+01  0.45886E-02
  0.33719E+01  0.47111E-02
  0.33987E+01  0.47842E-02
  0.34254E+01  0.48138E-02
  0.34522E+01  0.48058E-02
  0.34790E+01  0.47650E-02
  0.35057E+01  0.46963E-02
  0.35325E+01  0.46038E-02
  0.35592E+01  0.44914E-02
  0.35860E+01  0.43625E-02
  0.36128E+01  0.42203E-02
  0.36395E+01  0.40674E-02
  0.36663E+01  0.39065E-02
  0.36931E+01  0.37396E-02
  0.37198E+01  0.35689E-02
  0.37466E+01  0.33959E-02
  0.37733E+01  0.32223E-02
  0.38001E+01  0.30493E-02
  0.38269E+01  0.28780E-02
  0.38536E+01  0.27094E-02
  0.38804E+01  0.25444E-02
  0.39071E+01  0.23836E-02
  0.39339E+01  0.22276E-02
  0.39607E+01  0.20768E-02
  0.39874E+01  0.19317E-02
  0.40142E+01  0.17924E-02
  0.40409E+01  0.16591E-02
  0.40677E+01  0.15321E-02
  0.40945E+01  0.14113E-02
  0.41212E+01  0.12967E-02
  0.41480E+01  0.11884E-02
  0.41748E+01  0.10862E-02
  0.42015E+01  0.99010E-03
  0.42283E+01  0.89989E-03
  0.42550E+01  0.81543E-03
  0.42818E+01  0.73656E-03
  0.43086E+01  0.66306E-03
  0.43353E+01  0.59475E-03
  0.43621E+01  0.53141E-03
  0.43888E+01  0.47281E-03
  0.44156E+01  0.41873E-03
  0.44424E+01  0.36895E-03
  0.44691E+01  0.32324E-03
  0.44959E+01  0.28138E-03
  0.45226E+01  0.24315E-03
  0.45494E+01  0.20832E-03
  0.45762E+01  0.17669E-03
  0.46029E+01  0.14806E-03
  0.46297E+01  0.12222E-03
  0.46565E+01  0.98973E-04
  0.46832E+01  0.78145E-04
  0.47100E+01  0.59556E-04
  0.47367E+01  0.43037E-04
  0.47635E+01  0.28425E-04
  0.47903E+01  0.15570E-04
  0.48170E+01  0.43247E-05
  0.48438E+01  -.54458E-05
  0.48705E+01  -.13871E-04
  0.48973E+01  -.21071E-04
  0.49241E+01  -.27160E-04
  0.49508E+01  -.32244E-04
  0.49776E+01  -.36421E-04
  0.50043E+01  -.39783E-04
  0.50311E+01  -.42417E-04
  0.50579E+01  -.44400E-04
  0.50846E+01  -.45806E-04
  0.51114E+01  -.46703E-04
  0.51381E+01  -.47152E-04
  0.51649E+01  -.47210E-04
  0.51917E+01  -.46929E-04
  0.52184E+01  -.46356E-04
  0.52452E+01  -.45534E-04
  0.52720E+01  -.44503E-04
  0.52987E+01  -.43298E-04
  0.53255E+01  -.41949E-04
  0.53522E+01  -.40487E-04
  0.53790E+01  -.38936E-04
  0.54058E+01  -.37320E-04
  0.54325E+01  -.35658E-04
  0.54593E+01  -.33968E-04
  0.54860E+01  -.32266E-04
  0.55128E+01  -.30565E-04
  0.55396E+01  -.28877E-04
  0.55663E+01  -.27212E-04
  0.55931E+01  -.25579E-04
  0.56198E+01  -.23985E-04
  0.56466E+01  -.22436E-04
  0.56734E+01  -.20937E-04
  0.57001E+01  -.19492E-04
  0.57269E+01  -.18103E-04
  0.57537E+01  -.16773E-04
  0.57804E+01  -.15503E-04
  0.58072E+01  -.14294E-04
  0.58339E+01  -.13147E-04
  0.58607E+01  -.12061E-04
  0.58875E+01  -.11035E-04
  0.59142E+01  -.10070E-04
  0.59410E+01  -.91624E-05
  0.59677E+01  -.83124E-05
  0.59945E+01  -.75177E-05
  0.60213E+01  -.67767E-05
  0.60480E+01  -.60872E-05
  0.60748E+01  -.54472E-05
  0.61015E+01  -.48547E-05
  0.61283E+01  -.43074E-05
  0.61551E+01  -.38030E-05
  0.61818E+01  -.33395E-05
  0.62086E+01  -.29146E-05
  0.62354E+01  -.25260E-05
  0.62621E+01  -.21717E-05
  0.62889E+01  -.18496E-05
  0.63156E+01  -.15576E-05
  0.63424E+01  -.12937E-05
  0.63692E+01  -.10561E-05
  0.63959E+01  -.84286E-06
  0.64227E+01  -.65223E-06
  0.64494E+01  -.48253E-06
  0.64762E+01  -.33215E-06
  0.65030E+01  -.19956E-06
  0.65297E+01  -.83314E-07
  0.65565E+01  0.17965E-07
  0.65832E+01  0.10557E-06
  0.66100E+01  0.18071E-06
  0.66368E+01  0.24452E-06
  0.66635E+01  0.29808E-06
  0.66903E+01  0.34239E-06
  0.67171E+01  0.37836E-06
  0.67438E+01  0.40686E-06
  0.67706E+01  0.42869E-06
  0.67973E+01  0.44460E-06
  0.68241E+01  0.45525E-06
  0.68509E+01  0.46129E-06
  0.68776E+01  0.46327E-06
  0.69044E+01  0.46175E-06
  0.69311E+01  0.45718E-06
  0.69579E+01  0.45002E-06
  0.69847E+01  0.44066E-06
  0.70114E+01  0.42945E-06
  0.70382E+01  0.41674E-06
  0.70649E+01  0.40280E-06
  0.70917E+01  0.38789E-06
  0.71185E+01  0.37226E-06
  0.71452E+01  0.35611E-06
  0.71720E+01  0.33962E-06
  0.71988E+01  0.32295E-06
  0.72255E+01  0.30625E-06
  0.72523E+01  0.28963E-06
  0.72790E+01  0.27321E-06
  0.73058E+01  0.25706E-06
  0.73326E+01  0.24127E-06
  0.73593E+01  0.22590E-06
  0.73861E+01  0.21100E-06
  0.74128E+01  0.19661E-06
  0.74396E+01  0.18277E-06
  0.74664E+01  0.16950E-06
  0.74931E+01  0.15681E-06
  0.75199E+01  0.14472E-06
  0.75466E+01  0.13324E-06
  0.75734E+01  0.12235E-06
  0.76002E+01  0.11206E-06
  0.76269E+01  0.10237E-06
  0.76537E+01  0.93248E-07
  0.76804E+01  0.84695E-07
  0.77072E+01  0.76693E-07
  0.77340E+01  0.69222E-07
  0.77607E+01  0.62266E-07
  0.77875E+01  0.55803E-07
  0.78143E+01  0.49814E-07
  0.78410E+01  0.44276E-07
  0.78678E+01  0.39169E-07
  0.78945E+01  0.34470E-07
  0.79213E+01  0.30158E-07
  0.79481E+01  0.26211E-07
  0.79748E+01  0.22608E-07
  0.80016E+01  0.19329E-07
