   22   29
   18   64
   84   29
   38   30
   52   68
   30   58
   16   76
   47   66
   68   42
   62   -2
   49   48
   43   32
    3   42
  -10   62
   27   20
   60   33
   22   45
   49   40
   36   35
   30   21
   70   23
  -46   25
   -4   56
   96   79
   34   51
   83   52
   33   47
   68   16
   44   20
   34   10
   44   42
   88   15
   41  100
   61   50
   45   35
   75   31
   20   41
   17   34
   42   38
   21   27
   45   65
   55   60
   62   52
   96   37
   59   37
   48   77
   67   36
  114   85
   28   28
   39   80
   17   63
   40   85
   50   46
   72   62
   63   46
   74   50
   55   46
   97   27
   64   81
    6   58
   70   73
   22   32
   54   38
   67   44
   54   17
   49   48
   48    1
   44   61
   48   50
   18   39
   45   85
   24   66
   23   65
   45   34
   64   83
   35   52
   17   47
   40   35
   16   85
   12   86
   17   45
   19   54
   73   35
   74   45
   88   40
  104   42
   56   56
    6   41
   44   75
   93   17
   31   73
   33   63
   29   41
   29   16
   30   38
   42   57
   36   99
   49   18
   72   61
   54   99
