   46   45
   40   47
   45   44
   47   45
   48   43
   51   44
   51   46
   55   45
   52   43
   58   44
   43   48
   41   48
   46   46
   48   43
   47   46
   47   49
   49   45
   57   48
   52   45
   50   48
   46   43
   44   46
   47   49
   47   49
   47   46
   50   46
   53   48
   53   47
   54   47
   52   46
   44   46
   43   46
   45   44
   52   48
   47   49
   52   49
   51   46
   53   45
   55   51
   53   49
   44   44
   45   48
   48   50
   45   46
   51   49
   55   53
   52   48
   54   52
   50   48
   55   51
   48   47
   42   51
   48   49
   45   50
   49   50
   50   52
   51   49
   56   50
   53   50
   51   48
   47   50
   48   52
   48   53
   49   48
   46   48
   49   51
   51   49
   52   50
   52   53
   55   50
   46   49
   46   52
   46   50
   47   51
   50   50
   48   49
   50   52
   52   53
   53   54
   52   51
   49   54
   43   56
   48   51
   49   53
   48   56
   51   51
   52   54
   53   53
   57   54
   53   52
   43   54
   43   54
   47   54
   46   53
   49   54
   49   52
   50   54
   51   58
   54   54
   54   54
