   47   43
   36   47
   44   56
   40   47
   46   38
   58   53
   44   58
   44   40
   52   46
   66   51
   54   47
   38   53
   37   52
   49   45
   39   49
   55   40
   48   57
   58   46
   48   28
   45   42
   57   36
   32   35
   39   60
   58   46
   53   55
   62   46
   55   46
   71   44
   62   53
   46   40
   50   44
   55   37
   37   43
   44   36
   47   53
   52   59
   42   37
   51   42
   58   58
   51   45
   31   53
   52   56
   51   44
   46   46
   51   58
   52   49
   49   41
   41   52
   46   41
   62   58
   30   48
   35   56
   51   50
   46   48
   54   51
   56   49
   45   57
   66   42
   53   53
   42   40
   51   53
   36   55
   39   50
   50   47
   49   42
   50   56
   52   42
   60   52
   46   49
   46   48
   44   56
   38   58
   34   39
   58   40
   54   53
   45   54
   44   49
   53   44
   53   56
   45   49
   51   48
   41   58
   50   54
   40   47
   38   53
   60   43
   56   64
   53   52
   52   53
   59   50
   48   59
   52   57
   62   49
   34   55
   41   51
   40   53
   46   60
   51   61
   58   59
   54   60
