   45   45
   46   45
   47   45
   48   44
   49   44
   50   45
   51   45
   52   45
   53   45
   54   45
   45   46
   46   46
   47   46
   48   46
   49   46
   50   46
   51   46
   52   46
   53   46
   54   46
   45   47
   46   47
   47   47
   48   47
   49   47
   50   47
   51   47
   52   47
   53   47
   54   47
   45   48
   46   48
   47   48
   48   48
   49   48
   50   48
   51   48
   51   47
   53   48
   54   48
   45   48
   46   49
   47   49
   48   49
   49   49
   50   49
   51   49
   52   49
   53   49
   54   49
   45   50
   46   50
   46   50
   48   50
   49   50
   50   50
   51   50
   52   50
   53   50
   54   50
   45   51
   46   51
   47   51
   48   51
   49   51
   50   51
   50   52
   52   51
   53   51
   54   51
   45   52
   46   52
   47   52
   48   52
   50   52
   50   52
   51   52
   52   52
   53   52
   54   52
   45   53
   46   53
   46   53
   48   53
   49   53
   50   53
   51   53
   52   53
   53   53
   54   53
   45   54
   46   54
   47   54
   48   54
   49   54
   50   54
   51   54
   52   54
   53   54
   54   53
