   45   44
   46   45
   47   45
   48   44
   49   44
   50   45
   52   45
   52   45
   53   44
   54   45
   45   46
   45   45
   47   47
   48   45
   48   44
   50   46
   51   46
   53   46
   53   46
   54   46
   45   47
   46   47
   49   47
   49   48
   49   48
   49   47
   52   48
   51   47
   53   47
   54   47
   45   47
   46   48
   47   48
   49   48
   48   47
   50   48
   51   48
   51   47
   53   48
   54   48
   45   48
   45   49
   47   50
   48   49
   49   49
   50   50
   51   48
   52   50
   52   49
   55   49
   46   50
   47   50
   48   50
   48   50
   48   51
   50   50
   51   50
   52   52
   53   52
   54   51
   45   51
   46   53
   47   53
   48   51
   47   51
   50   51
   50   53
   52   50
   53   51
   54   51
   44   52
   46   53
   48   51
   48   52
   51   52
   51   53
   51   52
   53   52
   53   52
   53   53
   45   53
   45   53
   46   53
   48   52
   49   53
   50   52
   51   53
   52   52
   53   53
   53   52
   45   55
   46   54
   46   54
   47   54
   49   52
   50   54
   51   54
   54   54
   54   55
   54   54
