   57   21
   33   53
   65   41
   55   32
   44   29
   55   56
   20   52
   35   39
   58   47
   71   33
   61   38
   38   54
   17   36
   21   34
   47   21
   67   37
   47   44
   42   47
   33   20
   30   45
   61   39
    6   19
   14   39
   74   58
   48   59
   78   44
   31   56
   69   39
   52   36
   37   30
   40   41
   72   39
   34   64
   47   32
   39   46
   72   50
   30   39
   45   41
   59   34
   45   38
   32   57
   70   52
   56   54
   72   29
   52   48
   50   58
   67   45
   74   60
   29   34
   57   78
   24   53
   40   67
   67   47
   54   69
   58   56
   39   47
   46   54
   85   32
   63   80
   29   61
   61   49
   38   50
   35   47
   62   57
   73   27
   41   64
   51   44
   43   48
   34   37
   37   40
   38   67
   38   62
   19   45
   54   34
   74   69
   25   73
   37   38
   52   42
   21   56
   35   76
   44   56
   29   68
   55   45
   76   50
   62   57
   70   34
   49   44
   30   54
   39   65
   69   46
   49   66
   46   42
   60   68
   41   28
   42   34
   33   52
   30   48
   59   35
   76   50
   54   80
