   0.10000E-02   0.10000E+01
   0.20000E-02   0.20000E+01
   0.30000E-02   0.32400E+01
   0.40000E-02   0.46000E+01
   0.50000E-02   0.56400E+01
   0.60000E-02   0.64000E+01
   0.70000E-02   0.70800E+01
   0.80000E-02   0.86400E+01
   0.90000E-02   0.96400E+01
   0.10000E-01   0.10960E+02
   0.11000E-01   0.11800E+02
   0.12000E-01   0.13640E+02
   0.13000E-01   0.14760E+02
   0.14000E-01   0.15720E+02
   0.15000E-01   0.17000E+02
   0.16000E-01   0.18240E+02
   0.17000E-01   0.19880E+02
   0.18000E-01   0.21240E+02
   0.19000E-01   0.23640E+02
   0.20000E-01   0.24480E+02
   0.21000E-01   0.24760E+02
   0.22000E-01   0.25040E+02
   0.23000E-01   0.26840E+02
   0.24000E-01   0.27880E+02
   0.25000E-01   0.28840E+02
   0.26000E-01   0.30080E+02
   0.27000E-01   0.31720E+02
   0.28000E-01   0.33080E+02
   0.29000E-01   0.34360E+02
   0.30000E-01   0.34560E+02
   0.31000E-01   0.34360E+02
   0.32000E-01   0.33880E+02
   0.33000E-01   0.35240E+02
   0.34000E-01   0.36760E+02
   0.35000E-01   0.35880E+02
   0.36000E-01   0.38400E+02
   0.37000E-01   0.38920E+02
   0.38000E-01   0.40040E+02
   0.39000E-01   0.43400E+02
   0.40000E-01   0.44760E+02
   0.41000E-01   0.46520E+02
   0.42000E-01   0.49440E+02
   0.43000E-01   0.51560E+02
   0.44000E-01   0.56480E+02
   0.45000E-01   0.58360E+02
   0.46000E-01   0.60760E+02
   0.47000E-01   0.61080E+02
   0.48000E-01   0.60040E+02
   0.49000E-01   0.61960E+02
   0.50000E-01   0.62000E+02
   0.51000E-01   0.64440E+02
   0.52000E-01   0.63960E+02
   0.53000E-01   0.66040E+02
   0.54000E-01   0.65200E+02
   0.55000E-01   0.65800E+02
   0.56000E-01   0.71200E+02
   0.57000E-01   0.72600E+02
   0.58000E-01   0.73600E+02
   0.59000E-01   0.74440E+02
   0.60000E-01   0.75600E+02
   0.61000E-01   0.77160E+02
   0.62000E-01   0.79760E+02
   0.63000E-01   0.79080E+02
   0.64000E-01   0.79440E+02
   0.65000E-01   0.82280E+02
   0.66000E-01   0.81240E+02
   0.67000E-01   0.80120E+02
   0.68000E-01   0.79080E+02
   0.69000E-01   0.81720E+02
   0.70000E-01   0.81840E+02
   0.71000E-01   0.81000E+02
   0.72000E-01   0.83560E+02
   0.73000E-01   0.87960E+02
   0.74000E-01   0.87040E+02
   0.75000E-01   0.89960E+02
   0.76000E-01   0.90440E+02
   0.77000E-01   0.93960E+02
   0.78000E-01   0.93200E+02
   0.79000E-01   0.92360E+02
   0.80000E-01   0.94360E+02
   0.81000E-01   0.99480E+02
   0.82000E-01   0.98360E+02
   0.83000E-01   0.99400E+02
   0.84000E-01   0.10132E+03
   0.85000E-01   0.10396E+03
   0.86000E-01   0.10200E+03
   0.87000E-01   0.10372E+03
   0.88000E-01   0.10668E+03
   0.89000E-01   0.11188E+03
   0.90000E-01   0.11248E+03
   0.91000E-01   0.11508E+03
   0.92000E-01   0.11380E+03
   0.93000E-01   0.11540E+03
   0.94000E-01   0.11552E+03
   0.95000E-01   0.12172E+03
   0.96000E-01   0.12180E+03
   0.97000E-01   0.12644E+03
   0.98000E-01   0.12720E+03
   0.99000E-01   0.13284E+03
   0.10000E+00   0.13460E+03
   0.10100E+00   0.13564E+03
   0.10200E+00   0.13360E+03
   0.10300E+00   0.13500E+03
   0.10400E+00   0.13796E+03
   0.10500E+00   0.13724E+03
   0.10600E+00   0.14188E+03
   0.10700E+00   0.14596E+03
   0.10800E+00   0.14660E+03
   0.10900E+00   0.14788E+03
   0.11000E+00   0.14856E+03
   0.11100E+00   0.15060E+03
   0.11200E+00   0.15320E+03
   0.11300E+00   0.15740E+03
   0.11400E+00   0.16192E+03
   0.11500E+00   0.16644E+03
   0.11600E+00   0.16844E+03
   0.11700E+00   0.16836E+03
   0.11800E+00   0.17260E+03
   0.11900E+00   0.17356E+03
   0.12000E+00   0.17372E+03
   0.12100E+00   0.17780E+03
   0.12200E+00   0.17508E+03
   0.12300E+00   0.17132E+03
   0.12400E+00   0.17128E+03
   0.12500E+00   0.17028E+03
   0.12600E+00   0.17280E+03
   0.12700E+00   0.16996E+03
   0.12800E+00   0.17100E+03
   0.12900E+00   0.17436E+03
   0.13000E+00   0.17440E+03
   0.13100E+00   0.17356E+03
   0.13200E+00   0.17440E+03
   0.13300E+00   0.18004E+03
   0.13400E+00   0.18520E+03
   0.13500E+00   0.18476E+03
   0.13600E+00   0.18484E+03
   0.13700E+00   0.18108E+03
   0.13800E+00   0.18156E+03
   0.13900E+00   0.18356E+03
   0.14000E+00   0.18388E+03
   0.14100E+00   0.18484E+03
   0.14200E+00   0.18812E+03
   0.14300E+00   0.18924E+03
   0.14400E+00   0.19296E+03
   0.14500E+00   0.19316E+03
   0.14600E+00   0.18944E+03
   0.14700E+00   0.19444E+03
   0.14800E+00   0.19336E+03
   0.14900E+00   0.19236E+03
   0.15000E+00   0.19672E+03
   0.15100E+00   0.19460E+03
   0.15200E+00   0.19820E+03
   0.15300E+00   0.19764E+03
   0.15400E+00   0.19268E+03
   0.15500E+00   0.19748E+03
   0.15600E+00   0.19672E+03
   0.15700E+00   0.19940E+03
   0.15800E+00   0.19544E+03
   0.15900E+00   0.19724E+03
   0.16000E+00   0.19740E+03
   0.16100E+00   0.19836E+03
   0.16200E+00   0.19644E+03
   0.16300E+00   0.20092E+03
   0.16400E+00   0.20044E+03
   0.16500E+00   0.20420E+03
   0.16600E+00   0.20480E+03
   0.16700E+00   0.20748E+03
   0.16800E+00   0.21004E+03
   0.16900E+00   0.21372E+03
   0.17000E+00   0.21632E+03
   0.17100E+00   0.21764E+03
   0.17200E+00   0.21808E+03
   0.17300E+00   0.21708E+03
   0.17400E+00   0.22284E+03
   0.17500E+00   0.22580E+03
   0.17600E+00   0.22100E+03
   0.17700E+00   0.21780E+03
   0.17800E+00   0.21992E+03
   0.17900E+00   0.21612E+03
   0.18000E+00   0.21916E+03
   0.18100E+00   0.21820E+03
   0.18200E+00   0.21932E+03
   0.18300E+00   0.21860E+03
   0.18400E+00   0.22192E+03
   0.18500E+00   0.22500E+03
   0.18600E+00   0.22156E+03
   0.18700E+00   0.21684E+03
   0.18800E+00   0.21752E+03
   0.18900E+00   0.21668E+03
   0.19000E+00   0.22096E+03
   0.19100E+00   0.22324E+03
   0.19200E+00   0.22892E+03
   0.19300E+00   0.22668E+03
   0.19400E+00   0.22180E+03
   0.19500E+00   0.22132E+03
   0.19600E+00   0.22320E+03
   0.19700E+00   0.22500E+03
   0.19800E+00   0.22452E+03
   0.19900E+00   0.22492E+03
   0.20000E+00   0.23340E+03
   0.20100E+00   0.23388E+03
   0.20200E+00   0.23364E+03
   0.20300E+00   0.23652E+03
   0.20400E+00   0.23984E+03
   0.20500E+00   0.24212E+03
   0.20600E+00   0.24336E+03
   0.20700E+00   0.24516E+03
   0.20800E+00   0.24376E+03
   0.20900E+00   0.24156E+03
   0.21000E+00   0.23956E+03
   0.21100E+00   0.23908E+03
   0.21200E+00   0.24076E+03
   0.21300E+00   0.23844E+03
   0.21400E+00   0.23812E+03
   0.21500E+00   0.23732E+03
   0.21600E+00   0.23444E+03
   0.21700E+00   0.23668E+03
   0.21800E+00   0.23996E+03
   0.21900E+00   0.23980E+03
   0.22000E+00   0.23856E+03
   0.22100E+00   0.23412E+03
   0.22200E+00   0.23224E+03
   0.22300E+00   0.23812E+03
   0.22400E+00   0.24280E+03
   0.22500E+00   0.24260E+03
   0.22600E+00   0.24472E+03
   0.22700E+00   0.24684E+03
   0.22800E+00   0.24480E+03
   0.22900E+00   0.24452E+03
   0.23000E+00   0.24296E+03
   0.23100E+00   0.24260E+03
   0.23200E+00   0.24540E+03
   0.23300E+00   0.24436E+03
   0.23400E+00   0.24504E+03
   0.23500E+00   0.24012E+03
   0.23600E+00   0.24840E+03
   0.23700E+00   0.24940E+03
   0.23800E+00   0.24984E+03
   0.23900E+00   0.24876E+03
   0.24000E+00   0.24524E+03
   0.24100E+00   0.24372E+03
   0.24200E+00   0.23952E+03
   0.24300E+00   0.23596E+03
   0.24400E+00   0.23936E+03
   0.24500E+00   0.24476E+03
   0.24600E+00   0.24380E+03
   0.24700E+00   0.25180E+03
   0.24800E+00   0.24724E+03
   0.24900E+00   0.25028E+03
   0.25000E+00   0.25228E+03
   0.25100E+00   0.25388E+03
   0.25200E+00   0.25276E+03
   0.25300E+00   0.25468E+03
   0.25400E+00   0.25292E+03
   0.25500E+00   0.25372E+03
   0.25600E+00   0.25744E+03
   0.25700E+00   0.26548E+03
   0.25800E+00   0.26544E+03
   0.25900E+00   0.26692E+03
   0.26000E+00   0.26920E+03
   0.26100E+00   0.27412E+03
   0.26200E+00   0.27888E+03
   0.26300E+00   0.27636E+03
   0.26400E+00   0.27496E+03
   0.26500E+00   0.27228E+03
   0.26600E+00   0.26996E+03
   0.26700E+00   0.27148E+03
   0.26800E+00   0.27524E+03
   0.26900E+00   0.26964E+03
   0.27000E+00   0.27012E+03
   0.27100E+00   0.27388E+03
   0.27200E+00   0.27880E+03
   0.27300E+00   0.27556E+03
   0.27400E+00   0.27404E+03
   0.27500E+00   0.26988E+03
   0.27600E+00   0.26900E+03
   0.27700E+00   0.26596E+03
   0.27800E+00   0.26944E+03
   0.27900E+00   0.27324E+03
   0.28000E+00   0.27892E+03
   0.28100E+00   0.27836E+03
   0.28200E+00   0.27676E+03
   0.28300E+00   0.27700E+03
   0.28400E+00   0.28056E+03
   0.28500E+00   0.28380E+03
   0.28600E+00   0.28804E+03
   0.28700E+00   0.29100E+03
   0.28800E+00   0.29160E+03
   0.28900E+00   0.29556E+03
   0.29000E+00   0.29280E+03
   0.29100E+00   0.29012E+03
   0.29200E+00   0.28888E+03
   0.29300E+00   0.28596E+03
   0.29400E+00   0.28376E+03
   0.29500E+00   0.28884E+03
   0.29600E+00   0.28872E+03
   0.29700E+00   0.28716E+03
   0.29800E+00   0.28872E+03
   0.29900E+00   0.28972E+03
   0.30000E+00   0.29268E+03
   0.30100E+00   0.29572E+03
   0.30200E+00   0.30284E+03
   0.30300E+00   0.30620E+03
   0.30400E+00   0.30796E+03
   0.30500E+00   0.31300E+03
   0.30600E+00   0.31972E+03
   0.30700E+00   0.31772E+03
   0.30800E+00   0.31904E+03
   0.30900E+00   0.31876E+03
   0.31000E+00   0.31968E+03
   0.31100E+00   0.32076E+03
   0.31200E+00   0.31728E+03
   0.31300E+00   0.31916E+03
   0.31400E+00   0.32080E+03
   0.31500E+00   0.31756E+03
   0.31600E+00   0.31652E+03
   0.31700E+00   0.31548E+03
   0.31800E+00   0.31788E+03
   0.31900E+00   0.31572E+03
   0.32000E+00   0.31284E+03
   0.32100E+00   0.31708E+03
   0.32200E+00   0.32456E+03
   0.32300E+00   0.32740E+03
   0.32400E+00   0.32744E+03
   0.32500E+00   0.32996E+03
   0.32600E+00   0.33264E+03
   0.32700E+00   0.33756E+03
   0.32800E+00   0.34248E+03
   0.32900E+00   0.33740E+03
   0.33000E+00   0.34292E+03
   0.33100E+00   0.35172E+03
   0.33200E+00   0.34340E+03
   0.33300E+00   0.34756E+03
   0.33400E+00   0.35088E+03
   0.33500E+00   0.34660E+03
   0.33600E+00   0.34236E+03
   0.33700E+00   0.34300E+03
   0.33800E+00   0.33944E+03
   0.33900E+00   0.33988E+03
   0.34000E+00   0.34204E+03
   0.34100E+00   0.34276E+03
   0.34200E+00   0.34592E+03
   0.34300E+00   0.34572E+03
   0.34400E+00   0.35100E+03
   0.34500E+00   0.35348E+03
   0.34600E+00   0.35024E+03
   0.34700E+00   0.35764E+03
   0.34800E+00   0.36056E+03
   0.34900E+00   0.35716E+03
   0.35000E+00   0.36476E+03
   0.35100E+00   0.36972E+03
   0.35200E+00   0.37340E+03
   0.35300E+00   0.37780E+03
   0.35400E+00   0.37576E+03
   0.35500E+00   0.38252E+03
   0.35600E+00   0.38360E+03
   0.35700E+00   0.38268E+03
   0.35800E+00   0.38436E+03
   0.35900E+00   0.39396E+03
   0.36000E+00   0.39804E+03
   0.36100E+00   0.39492E+03
   0.36200E+00   0.39296E+03
   0.36300E+00   0.39556E+03
   0.36400E+00   0.39948E+03
   0.36500E+00   0.40276E+03
   0.36600E+00   0.41196E+03
   0.36700E+00   0.41508E+03
   0.36800E+00   0.42112E+03
   0.36900E+00   0.41852E+03
   0.37000E+00   0.41704E+03
   0.37100E+00   0.41868E+03
   0.37200E+00   0.41668E+03
   0.37300E+00   0.41836E+03
   0.37400E+00   0.41832E+03
   0.37500E+00   0.41668E+03
   0.37600E+00   0.42312E+03
   0.37700E+00   0.42140E+03
   0.37800E+00   0.42120E+03
   0.37900E+00   0.42300E+03
   0.38000E+00   0.42480E+03
   0.38100E+00   0.42172E+03
   0.38200E+00   0.42284E+03
   0.38300E+00   0.42852E+03
   0.38400E+00   0.42860E+03
   0.38500E+00   0.43100E+03
   0.38600E+00   0.42444E+03
   0.38700E+00   0.42308E+03
   0.38800E+00   0.42072E+03
   0.38900E+00   0.41572E+03
   0.39000E+00   0.40860E+03
   0.39100E+00   0.40804E+03
   0.39200E+00   0.40964E+03
   0.39300E+00   0.40884E+03
   0.39400E+00   0.40252E+03
   0.39500E+00   0.40972E+03
   0.39600E+00   0.41228E+03
   0.39700E+00   0.40764E+03
   0.39800E+00   0.40640E+03
   0.39900E+00   0.40580E+03
   0.40000E+00   0.40764E+03
   0.40100E+00   0.40580E+03
   0.40200E+00   0.40296E+03
   0.40300E+00   0.41124E+03
   0.40400E+00   0.41652E+03
   0.40500E+00   0.41996E+03
   0.40600E+00   0.42096E+03
   0.40700E+00   0.41452E+03
   0.40800E+00   0.41356E+03
   0.40900E+00   0.41804E+03
   0.41000E+00   0.42048E+03
   0.41100E+00   0.42700E+03
   0.41200E+00   0.42752E+03
   0.41300E+00   0.43228E+03
   0.41400E+00   0.43936E+03
   0.41500E+00   0.44212E+03
   0.41600E+00   0.44236E+03
   0.41700E+00   0.45444E+03
   0.41800E+00   0.45648E+03
   0.41900E+00   0.45972E+03
   0.42000E+00   0.46200E+03
   0.42100E+00   0.46012E+03
   0.42200E+00   0.46672E+03
   0.42300E+00   0.45980E+03
   0.42400E+00   0.46500E+03
   0.42500E+00   0.47372E+03
   0.42600E+00   0.47468E+03
   0.42700E+00   0.48484E+03
   0.42800E+00   0.48460E+03
   0.42900E+00   0.48828E+03
   0.43000E+00   0.48704E+03
   0.43100E+00   0.48292E+03
   0.43200E+00   0.48248E+03
   0.43300E+00   0.48076E+03
   0.43400E+00   0.48284E+03
   0.43500E+00   0.48516E+03
   0.43600E+00   0.48528E+03
   0.43700E+00   0.48220E+03
   0.43800E+00   0.48188E+03
   0.43900E+00   0.48252E+03
   0.44000E+00   0.48320E+03
   0.44100E+00   0.48124E+03
   0.44200E+00   0.47904E+03
   0.44300E+00   0.47772E+03
   0.44400E+00   0.47828E+03
   0.44500E+00   0.48148E+03
   0.44600E+00   0.48960E+03
   0.44700E+00   0.48468E+03
   0.44800E+00   0.49212E+03
   0.44900E+00   0.49972E+03
   0.45000E+00   0.50284E+03
   0.45100E+00   0.49772E+03
   0.45200E+00   0.49268E+03
   0.45300E+00   0.48972E+03
   0.45400E+00   0.49092E+03
   0.45500E+00   0.48564E+03
   0.45600E+00   0.49056E+03
   0.45700E+00   0.48748E+03
   0.45800E+00   0.48588E+03
   0.45900E+00   0.48540E+03
   0.46000E+00   0.49156E+03
   0.46100E+00   0.49292E+03
   0.46200E+00   0.49480E+03
   0.46300E+00   0.48764E+03
   0.46400E+00   0.49132E+03
   0.46500E+00   0.48772E+03
   0.46600E+00   0.48552E+03
   0.46700E+00   0.48908E+03
   0.46800E+00   0.48864E+03
   0.46900E+00   0.48804E+03
   0.47000E+00   0.49808E+03
   0.47100E+00   0.50052E+03
   0.47200E+00   0.49720E+03
   0.47300E+00   0.49316E+03
   0.47400E+00   0.48484E+03
   0.47500E+00   0.48580E+03
   0.47600E+00   0.48204E+03
   0.47700E+00   0.48436E+03
   0.47800E+00   0.47968E+03
   0.47900E+00   0.47876E+03
   0.48000E+00   0.48288E+03
   0.48100E+00   0.48204E+03
   0.48200E+00   0.48444E+03
   0.48300E+00   0.48652E+03
   0.48400E+00   0.48336E+03
   0.48500E+00   0.47604E+03
   0.48600E+00   0.48040E+03
   0.48700E+00   0.47268E+03
   0.48800E+00   0.47400E+03
   0.48900E+00   0.47916E+03
   0.49000E+00   0.48396E+03
   0.49100E+00   0.48980E+03
   0.49200E+00   0.49088E+03
   0.49300E+00   0.49108E+03
   0.49400E+00   0.48972E+03
   0.49500E+00   0.48668E+03
   0.49600E+00   0.48924E+03
   0.49700E+00   0.48340E+03
   0.49800E+00   0.48508E+03
   0.49900E+00   0.48884E+03
   0.50000E+00   0.48672E+03
   0.50100E+00   0.48468E+03
   0.50200E+00   0.48228E+03
   0.50300E+00   0.49236E+03
   0.50400E+00   0.48800E+03
   0.50500E+00   0.49452E+03
   0.50600E+00   0.50024E+03
   0.50700E+00   0.50180E+03
   0.50800E+00   0.50656E+03
   0.50900E+00   0.50372E+03
   0.51000E+00   0.49964E+03
   0.51100E+00   0.50268E+03
   0.51200E+00   0.49396E+03
   0.51300E+00   0.48884E+03
   0.51400E+00   0.48704E+03
   0.51500E+00   0.48900E+03
   0.51600E+00   0.48664E+03
   0.51700E+00   0.49364E+03
   0.51800E+00   0.48812E+03
   0.51900E+00   0.48364E+03
   0.52000E+00   0.48720E+03
   0.52100E+00   0.48492E+03
   0.52200E+00   0.48880E+03
   0.52300E+00   0.49628E+03
   0.52400E+00   0.50300E+03
   0.52500E+00   0.50132E+03
   0.52600E+00   0.50736E+03
   0.52700E+00   0.50300E+03
   0.52800E+00   0.50896E+03
   0.52900E+00   0.50716E+03
   0.53000E+00   0.50088E+03
   0.53100E+00   0.49852E+03
   0.53200E+00   0.48876E+03
   0.53300E+00   0.49220E+03
   0.53400E+00   0.49880E+03
   0.53500E+00   0.49908E+03
   0.53600E+00   0.49560E+03
   0.53700E+00   0.50780E+03
   0.53800E+00   0.49760E+03
   0.53900E+00   0.49988E+03
   0.54000E+00   0.50428E+03
   0.54100E+00   0.50476E+03
   0.54200E+00   0.50984E+03
   0.54300E+00   0.50836E+03
   0.54400E+00   0.51668E+03
   0.54500E+00   0.51028E+03
   0.54600E+00   0.50432E+03
   0.54700E+00   0.50428E+03
   0.54800E+00   0.51980E+03
   0.54900E+00   0.51740E+03
   0.55000E+00   0.51780E+03
   0.55100E+00   0.51796E+03
   0.55200E+00   0.51164E+03
   0.55300E+00   0.51500E+03
   0.55400E+00   0.52092E+03
   0.55500E+00   0.52508E+03
   0.55600E+00   0.52304E+03
   0.55700E+00   0.52084E+03
   0.55800E+00   0.52556E+03
   0.55900E+00   0.52820E+03
   0.56000E+00   0.53164E+03
   0.56100E+00   0.53700E+03
   0.56200E+00   0.53492E+03
   0.56300E+00   0.53916E+03
   0.56400E+00   0.54056E+03
   0.56500E+00   0.54484E+03
   0.56600E+00   0.54132E+03
   0.56700E+00   0.53300E+03
   0.56800E+00   0.53124E+03
   0.56900E+00   0.52956E+03
   0.57000E+00   0.53596E+03
   0.57100E+00   0.53468E+03
   0.57200E+00   0.53108E+03
   0.57300E+00   0.52796E+03
   0.57400E+00   0.53344E+03
   0.57500E+00   0.52708E+03
   0.57600E+00   0.52940E+03
   0.57700E+00   0.52284E+03
   0.57800E+00   0.52476E+03
   0.57900E+00   0.52516E+03
   0.58000E+00   0.52680E+03
   0.58100E+00   0.52484E+03
   0.58200E+00   0.52156E+03
   0.58300E+00   0.52228E+03
   0.58400E+00   0.52456E+03
   0.58500E+00   0.52812E+03
   0.58600E+00   0.53296E+03
   0.58700E+00   0.53684E+03
   0.58800E+00   0.53384E+03
   0.58900E+00   0.53852E+03
   0.59000E+00   0.53464E+03
   0.59100E+00   0.53516E+03
   0.59200E+00   0.54704E+03
   0.59300E+00   0.54796E+03
   0.59400E+00   0.55052E+03
   0.59500E+00   0.56108E+03
   0.59600E+00   0.56768E+03
   0.59700E+00   0.57340E+03
   0.59800E+00   0.57776E+03
   0.59900E+00   0.58292E+03
   0.60000E+00   0.58164E+03
   0.60100E+00   0.58916E+03
   0.60200E+00   0.58240E+03
   0.60300E+00   0.58868E+03
   0.60400E+00   0.58404E+03
   0.60500E+00   0.58452E+03
   0.60600E+00   0.58548E+03
   0.60700E+00   0.58404E+03
   0.60800E+00   0.58412E+03
   0.60900E+00   0.58724E+03
   0.61000E+00   0.58908E+03
   0.61100E+00   0.59204E+03
   0.61200E+00   0.59544E+03
   0.61300E+00   0.59260E+03
   0.61400E+00   0.59344E+03
   0.61500E+00   0.59020E+03
   0.61600E+00   0.59308E+03
   0.61700E+00   0.59548E+03
   0.61800E+00   0.59864E+03
   0.61900E+00   0.59596E+03
   0.62000E+00   0.59844E+03
   0.62100E+00   0.60980E+03
   0.62200E+00   0.61400E+03
   0.62300E+00   0.61532E+03
   0.62400E+00   0.62164E+03
   0.62500E+00   0.62340E+03
   0.62600E+00   0.62472E+03
   0.62700E+00   0.62516E+03
   0.62800E+00   0.63296E+03
   0.62900E+00   0.64236E+03
   0.63000E+00   0.64748E+03
   0.63100E+00   0.64972E+03
   0.63200E+00   0.64600E+03
   0.63300E+00   0.64228E+03
   0.63400E+00   0.64156E+03
   0.63500E+00   0.63852E+03
   0.63600E+00   0.64432E+03
   0.63700E+00   0.64324E+03
   0.63800E+00   0.63724E+03
   0.63900E+00   0.63396E+03
   0.64000E+00   0.63104E+03
   0.64100E+00   0.63700E+03
   0.64200E+00   0.63432E+03
   0.64300E+00   0.63284E+03
   0.64400E+00   0.63560E+03
   0.64500E+00   0.64140E+03
   0.64600E+00   0.63452E+03
   0.64700E+00   0.64444E+03
   0.64800E+00   0.64396E+03
   0.64900E+00   0.64788E+03
   0.65000E+00   0.64636E+03
   0.65100E+00   0.64748E+03
   0.65200E+00   0.64240E+03
   0.65300E+00   0.63972E+03
   0.65400E+00   0.65040E+03
   0.65500E+00   0.65028E+03
   0.65600E+00   0.65036E+03
   0.65700E+00   0.65532E+03
   0.65800E+00   0.65140E+03
   0.65900E+00   0.65164E+03
   0.66000E+00   0.65424E+03
   0.66100E+00   0.66444E+03
   0.66200E+00   0.65588E+03
   0.66300E+00   0.66124E+03
   0.66400E+00   0.66184E+03
   0.66500E+00   0.65780E+03
   0.66600E+00   0.65064E+03
   0.66700E+00   0.65420E+03
   0.66800E+00   0.64836E+03
   0.66900E+00   0.65244E+03
   0.67000E+00   0.65076E+03
   0.67100E+00   0.64636E+03
   0.67200E+00   0.65268E+03
   0.67300E+00   0.65548E+03
   0.67400E+00   0.64956E+03
   0.67500E+00   0.64756E+03
   0.67600E+00   0.65232E+03
   0.67700E+00   0.65188E+03
   0.67800E+00   0.65480E+03
   0.67900E+00   0.65860E+03
   0.68000E+00   0.65332E+03
   0.68100E+00   0.65428E+03
   0.68200E+00   0.64776E+03
   0.68300E+00   0.64796E+03
   0.68400E+00   0.65152E+03
   0.68500E+00   0.65356E+03
   0.68600E+00   0.64952E+03
   0.68700E+00   0.64556E+03
   0.68800E+00   0.64048E+03
   0.68900E+00   0.63940E+03
   0.69000E+00   0.63804E+03
   0.69100E+00   0.63884E+03
   0.69200E+00   0.64100E+03
   0.69300E+00   0.64900E+03
   0.69400E+00   0.65116E+03
   0.69500E+00   0.65220E+03
   0.69600E+00   0.65208E+03
   0.69700E+00   0.65220E+03
   0.69800E+00   0.64464E+03
   0.69900E+00   0.65244E+03
   0.70000E+00   0.66132E+03
   0.70100E+00   0.66596E+03
   0.70200E+00   0.67000E+03
   0.70300E+00   0.69044E+03
   0.70400E+00   0.68616E+03
   0.70500E+00   0.69396E+03
   0.70600E+00   0.69788E+03
   0.70700E+00   0.70324E+03
   0.70800E+00   0.70240E+03
   0.70900E+00   0.70276E+03
   0.71000E+00   0.70936E+03
   0.71100E+00   0.70468E+03
   0.71200E+00   0.70916E+03
   0.71300E+00   0.71244E+03
   0.71400E+00   0.71440E+03
   0.71500E+00   0.71764E+03
   0.71600E+00   0.72016E+03
   0.71700E+00   0.72404E+03
   0.71800E+00   0.73488E+03
   0.71900E+00   0.73724E+03
   0.72000E+00   0.73328E+03
   0.72100E+00   0.73340E+03
   0.72200E+00   0.72188E+03
   0.72300E+00   0.72388E+03
   0.72400E+00   0.72528E+03
   0.72500E+00   0.72828E+03
   0.72600E+00   0.73352E+03
   0.72700E+00   0.73460E+03
   0.72800E+00   0.73516E+03
   0.72900E+00   0.74140E+03
   0.73000E+00   0.73252E+03
   0.73100E+00   0.73252E+03
   0.73200E+00   0.73120E+03
   0.73300E+00   0.73708E+03
   0.73400E+00   0.73084E+03
   0.73500E+00   0.72388E+03
   0.73600E+00   0.71860E+03
   0.73700E+00   0.72332E+03
   0.73800E+00   0.71956E+03
   0.73900E+00   0.73156E+03
   0.74000E+00   0.73600E+03
   0.74100E+00   0.74268E+03
   0.74200E+00   0.74304E+03
   0.74300E+00   0.74836E+03
   0.74400E+00   0.75008E+03
   0.74500E+00   0.76244E+03
   0.74600E+00   0.75828E+03
   0.74700E+00   0.76644E+03
   0.74800E+00   0.76400E+03
   0.74900E+00   0.76260E+03
   0.75000E+00   0.75856E+03
   0.75100E+00   0.76692E+03
   0.75200E+00   0.77372E+03
   0.75300E+00   0.76548E+03
   0.75400E+00   0.76812E+03
   0.75500E+00   0.76268E+03
   0.75600E+00   0.75828E+03
   0.75700E+00   0.75564E+03
   0.75800E+00   0.76288E+03
   0.75900E+00   0.76652E+03
   0.76000E+00   0.77348E+03
   0.76100E+00   0.76692E+03
   0.76200E+00   0.76348E+03
   0.76300E+00   0.77140E+03
   0.76400E+00   0.77672E+03
   0.76500E+00   0.77796E+03
   0.76600E+00   0.76344E+03
   0.76700E+00   0.77404E+03
   0.76800E+00   0.77772E+03
   0.76900E+00   0.77564E+03
   0.77000E+00   0.75964E+03
   0.77100E+00   0.75332E+03
   0.77200E+00   0.75708E+03
   0.77300E+00   0.76596E+03
   0.77400E+00   0.77760E+03
   0.77500E+00   0.78428E+03
   0.77600E+00   0.77964E+03
   0.77700E+00   0.78268E+03
   0.77800E+00   0.78528E+03
   0.77900E+00   0.78372E+03
   0.78000E+00   0.78256E+03
   0.78100E+00   0.77220E+03
   0.78200E+00   0.76684E+03
   0.78300E+00   0.76636E+03
   0.78400E+00   0.76060E+03
   0.78500E+00   0.76204E+03
   0.78600E+00   0.76400E+03
   0.78700E+00   0.77132E+03
   0.78800E+00   0.78168E+03
   0.78900E+00   0.78652E+03
   0.79000E+00   0.79036E+03
   0.79100E+00   0.78428E+03
   0.79200E+00   0.79492E+03
   0.79300E+00   0.79852E+03
   0.79400E+00   0.79948E+03
   0.79500E+00   0.80076E+03
   0.79600E+00   0.80312E+03
   0.79700E+00   0.79948E+03
   0.79800E+00   0.80948E+03
   0.79900E+00   0.80740E+03
   0.80000E+00   0.79900E+03
   0.80100E+00   0.80244E+03
   0.80200E+00   0.79784E+03
   0.80300E+00   0.79532E+03
   0.80400E+00   0.80784E+03
   0.80500E+00   0.81708E+03
   0.80600E+00   0.82088E+03
   0.80700E+00   0.82252E+03
   0.80800E+00   0.81724E+03
   0.80900E+00   0.80532E+03
   0.81000E+00   0.81332E+03
   0.81100E+00   0.80684E+03
   0.81200E+00   0.80292E+03
   0.81300E+00   0.79228E+03
   0.81400E+00   0.79652E+03
   0.81500E+00   0.80236E+03
   0.81600E+00   0.79544E+03
   0.81700E+00   0.79868E+03
   0.81800E+00   0.80700E+03
   0.81900E+00   0.81052E+03
   0.82000E+00   0.80788E+03
   0.82100E+00   0.82116E+03
   0.82200E+00   0.82964E+03
   0.82300E+00   0.84092E+03
   0.82400E+00   0.84304E+03
   0.82500E+00   0.84676E+03
   0.82600E+00   0.83972E+03
   0.82700E+00   0.82956E+03
   0.82800E+00   0.83068E+03
   0.82900E+00   0.82676E+03
   0.83000E+00   0.83136E+03
   0.83100E+00   0.83676E+03
   0.83200E+00   0.83676E+03
   0.83300E+00   0.84588E+03
   0.83400E+00   0.84380E+03
   0.83500E+00   0.84276E+03
   0.83600E+00   0.84016E+03
   0.83700E+00   0.84044E+03
   0.83800E+00   0.84552E+03
   0.83900E+00   0.84852E+03
   0.84000E+00   0.83460E+03
   0.84100E+00   0.82404E+03
   0.84200E+00   0.82792E+03
   0.84300E+00   0.83036E+03
   0.84400E+00   0.82540E+03
   0.84500E+00   0.81164E+03
   0.84600E+00   0.81660E+03
   0.84700E+00   0.82412E+03
   0.84800E+00   0.83548E+03
   0.84900E+00   0.83444E+03
   0.85000E+00   0.82640E+03
   0.85100E+00   0.82852E+03
   0.85200E+00   0.82508E+03
   0.85300E+00   0.82084E+03
   0.85400E+00   0.82640E+03
   0.85500E+00   0.84612E+03
   0.85600E+00   0.85868E+03
   0.85700E+00   0.85420E+03
   0.85800E+00   0.85544E+03
   0.85900E+00   0.86148E+03
   0.86000E+00   0.85568E+03
   0.86100E+00   0.85644E+03
   0.86200E+00   0.85600E+03
   0.86300E+00   0.84476E+03
   0.86400E+00   0.84488E+03
   0.86500E+00   0.85124E+03
   0.86600E+00   0.85268E+03
   0.86700E+00   0.84620E+03
   0.86800E+00   0.83664E+03
   0.86900E+00   0.83876E+03
   0.87000E+00   0.83336E+03
   0.87100E+00   0.84372E+03
   0.87200E+00   0.83832E+03
   0.87300E+00   0.84292E+03
   0.87400E+00   0.84564E+03
   0.87500E+00   0.83932E+03
   0.87600E+00   0.84160E+03
   0.87700E+00   0.84700E+03
   0.87800E+00   0.85384E+03
   0.87900E+00   0.86028E+03
   0.88000E+00   0.85688E+03
   0.88100E+00   0.86252E+03
   0.88200E+00   0.86116E+03
   0.88300E+00   0.85556E+03
   0.88400E+00   0.85484E+03
   0.88500E+00   0.85636E+03
   0.88600E+00   0.84396E+03
   0.88700E+00   0.84388E+03
   0.88800E+00   0.85036E+03
   0.88900E+00   0.85244E+03
   0.89000E+00   0.85156E+03
   0.89100E+00   0.84604E+03
   0.89200E+00   0.84568E+03
   0.89300E+00   0.85268E+03
   0.89400E+00   0.85624E+03
   0.89500E+00   0.85540E+03
   0.89600E+00   0.85220E+03
   0.89700E+00   0.85196E+03
   0.89800E+00   0.85940E+03
   0.89900E+00   0.85172E+03
   0.90000E+00   0.84716E+03
   0.90100E+00   0.83100E+03
   0.90200E+00   0.83420E+03
   0.90300E+00   0.83276E+03
   0.90400E+00   0.83808E+03
   0.90500E+00   0.83804E+03
   0.90600E+00   0.83840E+03
   0.90700E+00   0.84300E+03
   0.90800E+00   0.84304E+03
   0.90900E+00   0.84140E+03
   0.91000E+00   0.84628E+03
   0.91100E+00   0.84964E+03
   0.91200E+00   0.85808E+03
   0.91300E+00   0.85636E+03
   0.91400E+00   0.85520E+03
   0.91500E+00   0.85004E+03
   0.91600E+00   0.84320E+03
   0.91700E+00   0.84348E+03
   0.91800E+00   0.84452E+03
   0.91900E+00   0.84460E+03
   0.92000E+00   0.84144E+03
   0.92100E+00   0.85132E+03
   0.92200E+00   0.85676E+03
   0.92300E+00   0.85956E+03
   0.92400E+00   0.86176E+03
   0.92500E+00   0.86172E+03
   0.92600E+00   0.87184E+03
   0.92700E+00   0.86852E+03
   0.92800E+00   0.85592E+03
   0.92900E+00   0.84788E+03
   0.93000E+00   0.84520E+03
   0.93100E+00   0.85132E+03
   0.93200E+00   0.85352E+03
   0.93300E+00   0.84828E+03
   0.93400E+00   0.85628E+03
   0.93500E+00   0.85572E+03
   0.93600E+00   0.85932E+03
   0.93700E+00   0.85460E+03
   0.93800E+00   0.85436E+03
   0.93900E+00   0.85212E+03
   0.94000E+00   0.83724E+03
   0.94100E+00   0.84164E+03
   0.94200E+00   0.83240E+03
   0.94300E+00   0.83148E+03
   0.94400E+00   0.82360E+03
   0.94500E+00   0.82452E+03
   0.94600E+00   0.82016E+03
   0.94700E+00   0.80836E+03
   0.94800E+00   0.79300E+03
   0.94900E+00   0.79556E+03
   0.95000E+00   0.80496E+03
   0.95100E+00   0.80124E+03
   0.95200E+00   0.79416E+03
   0.95300E+00   0.79748E+03
   0.95400E+00   0.79456E+03
   0.95500E+00   0.79468E+03
   0.95600E+00   0.80536E+03
   0.95700E+00   0.80996E+03
   0.95800E+00   0.80740E+03
   0.95900E+00   0.80876E+03
   0.96000E+00   0.80836E+03
   0.96100E+00   0.81036E+03
   0.96200E+00   0.80252E+03
   0.96300E+00   0.79796E+03
   0.96400E+00   0.79852E+03
   0.96500E+00   0.80084E+03
   0.96600E+00   0.79096E+03
   0.96700E+00   0.80004E+03
   0.96800E+00   0.80108E+03
   0.96900E+00   0.80148E+03
   0.97000E+00   0.80164E+03
   0.97100E+00   0.80772E+03
   0.97200E+00   0.80744E+03
   0.97300E+00   0.80684E+03
   0.97400E+00   0.80432E+03
   0.97500E+00   0.80932E+03
   0.97600E+00   0.82072E+03
   0.97700E+00   0.81500E+03
   0.97800E+00   0.81552E+03
   0.97900E+00   0.80396E+03
   0.98000E+00   0.80696E+03
   0.98100E+00   0.81700E+03
   0.98200E+00   0.81216E+03
   0.98300E+00   0.81244E+03
   0.98400E+00   0.81108E+03
   0.98500E+00   0.80876E+03
   0.98600E+00   0.80948E+03
   0.98700E+00   0.80492E+03
   0.98800E+00   0.79740E+03
   0.98900E+00   0.80012E+03
   0.99000E+00   0.80724E+03
   0.99100E+00   0.80940E+03
   0.99200E+00   0.80800E+03
   0.99300E+00   0.80604E+03
   0.99400E+00   0.80500E+03
   0.99500E+00   0.80980E+03
   0.99600E+00   0.81328E+03
   0.99700E+00   0.81908E+03
   0.99800E+00   0.82568E+03
   0.99900E+00   0.81940E+03
   0.10000E+01   0.82584E+03
