   0.10000E-01   0.10000E+01
   0.20000E-01   0.21200E+01
   0.30000E-01   0.30000E+01
   0.40000E-01   0.37600E+01
   0.50000E-01   0.49200E+01
   0.60000E-01   0.61200E+01
   0.70000E-01   0.69200E+01
   0.80000E-01   0.79600E+01
   0.90000E-01   0.90800E+01
   0.10000E+00   0.92000E+01
   0.11000E+00   0.10520E+02
   0.12000E+00   0.12200E+02
   0.13000E+00   0.12600E+02
   0.14000E+00   0.14040E+02
   0.15000E+00   0.13240E+02
   0.16000E+00   0.15680E+02
   0.17000E+00   0.16840E+02
   0.18000E+00   0.17240E+02
   0.19000E+00   0.19400E+02
   0.20000E+00   0.20840E+02
   0.21000E+00   0.23480E+02
   0.22000E+00   0.25560E+02
   0.23000E+00   0.26680E+02
   0.24000E+00   0.26800E+02
   0.25000E+00   0.31480E+02
   0.26000E+00   0.33800E+02
   0.27000E+00   0.36920E+02
   0.28000E+00   0.37560E+02
   0.29000E+00   0.39480E+02
   0.30000E+00   0.40520E+02
   0.31000E+00   0.41880E+02
   0.32000E+00   0.42280E+02
   0.33000E+00   0.44440E+02
   0.34000E+00   0.45800E+02
   0.35000E+00   0.44920E+02
   0.36000E+00   0.48200E+02
   0.37000E+00   0.49080E+02
   0.38000E+00   0.49280E+02
   0.39000E+00   0.49640E+02
   0.40000E+00   0.53080E+02
   0.41000E+00   0.55160E+02
   0.42000E+00   0.54680E+02
   0.43000E+00   0.53800E+02
   0.44000E+00   0.54000E+02
   0.45000E+00   0.53640E+02
   0.46000E+00   0.54640E+02
   0.47000E+00   0.59800E+02
   0.48000E+00   0.60360E+02
   0.49000E+00   0.61160E+02
   0.50000E+00   0.63040E+02
   0.51000E+00   0.64760E+02
   0.52000E+00   0.64960E+02
   0.53000E+00   0.65960E+02
   0.54000E+00   0.68120E+02
   0.55000E+00   0.66680E+02
   0.56000E+00   0.66560E+02
   0.57000E+00   0.67000E+02
   0.58000E+00   0.68200E+02
   0.59000E+00   0.69400E+02
   0.60000E+00   0.66520E+02
   0.61000E+00   0.71320E+02
   0.62000E+00   0.73680E+02
   0.63000E+00   0.73640E+02
   0.64000E+00   0.75080E+02
   0.65000E+00   0.76440E+02
   0.66000E+00   0.76040E+02
   0.67000E+00   0.73080E+02
   0.68000E+00   0.75680E+02
   0.69000E+00   0.78040E+02
   0.70000E+00   0.78960E+02
   0.71000E+00   0.76680E+02
   0.72000E+00   0.76600E+02
   0.73000E+00   0.78360E+02
   0.74000E+00   0.75480E+02
   0.75000E+00   0.78120E+02
   0.76000E+00   0.79120E+02
   0.77000E+00   0.79640E+02
   0.78000E+00   0.80320E+02
   0.79000E+00   0.79560E+02
   0.80000E+00   0.82240E+02
   0.81000E+00   0.84440E+02
   0.82000E+00   0.85200E+02
   0.83000E+00   0.85560E+02
   0.84000E+00   0.86120E+02
   0.85000E+00   0.86520E+02
   0.86000E+00   0.86000E+02
   0.87000E+00   0.85320E+02
   0.88000E+00   0.85320E+02
   0.89000E+00   0.87880E+02
   0.90000E+00   0.89640E+02
   0.91000E+00   0.90280E+02
   0.92000E+00   0.90120E+02
   0.93000E+00   0.88120E+02
   0.94000E+00   0.89640E+02
   0.95000E+00   0.87400E+02
   0.96000E+00   0.90640E+02
   0.97000E+00   0.90520E+02
   0.98000E+00   0.90960E+02
   0.99000E+00   0.91000E+02
   0.10000E+01   0.93000E+02
