   0.00000E+00   0.00000E+00   0.00000E+00   0.00000E+00   0.00000E+00   0.00000E+00   0.00000E+00   0.00000E+00   0.00000E+00   0.00000E+00   0.00000E+00   0.00000E+00   0.00000E+00   0.00000E+00   0.00000E+00   0.00000E+00   0.00000E+00   0.00000E+00   0.00000E+00   0.00000E+00   0.00000E+00   0.00000E+00   0.00000E+00   0.00000E+00   0.00000E+00   0.00000E+00   0.00000E+00   0.00000E+00   0.00000E+00   0.00000E+00   0.00000E+00   0.00000E+00   0.00000E+00   0.00000E+00   0.00000E+00   0.00000E+00   0.00000E+00   0.00000E+00   0.00000E+00   0.00000E+00
   0.00000E+00  -0.49680E-02  -0.99411E-02  -0.14920E-01  -0.19895E-01  -0.24841E-01  -0.29708E-01  -0.34411E-01  -0.38816E-01  -0.42729E-01  -0.45885E-01  -0.47951E-01  -0.48543E-01  -0.47290E-01  -0.43912E-01  -0.38328E-01  -0.30698E-01  -0.21395E-01  -0.10925E-01   0.14433E-03   0.11224E-01   0.21727E-01   0.31086E-01   0.38798E-01   0.44490E-01   0.48003E-01   0.49420E-01   0.49017E-01   0.47165E-01   0.44244E-01   0.40588E-01   0.36461E-01   0.32056E-01   0.27506E-01   0.22897E-01   0.18278E-01   0.13677E-01   0.90991E-02   0.45434E-02   0.00000E+00
   0.00000E+00  -0.99312E-02  -0.19877E-01  -0.29844E-01  -0.39821E-01  -0.49763E-01  -0.59583E-01  -0.69121E-01  -0.78125E-01  -0.86216E-01  -0.92863E-01  -0.97376E-01  -0.98934E-01  -0.96704E-01  -0.90033E-01  -0.78703E-01  -0.63070E-01  -0.43957E-01  -0.22448E-01   0.27826E-03   0.23026E-01   0.44599E-01   0.63822E-01   0.79616E-01   0.91162E-01   0.98105E-01   0.10066E+00   0.99485E-01   0.95401E-01   0.89228E-01   0.81652E-01   0.73203E-01   0.64259E-01   0.55074E-01   0.45805E-01   0.36543E-01   0.27330E-01   0.18178E-01   0.90750E-02   0.00000E+00
   0.00000E+00  -0.14880E-01  -0.29793E-01  -0.44761E-01  -0.59782E-01  -0.74811E-01  -0.89742E-01  -0.10437E+00  -0.11835E+00  -0.13115E+00  -0.14198E+00  -0.14976E+00  -0.15312E+00  -0.15056E+00  -0.14081E+00  -0.12338E+00  -0.98921E-01  -0.68916E-01  -0.35190E-01   0.39183E-03   0.36004E-01   0.69822E-01   0.99988E-01   0.12469E+00   0.14244E+00   0.15259E+00   0.15565E+00   0.15286E+00   0.14573E+00   0.13562E+00   0.12359E+00   0.11045E+00   0.96711E-01   0.82731E-01   0.68712E-01   0.54763E-01   0.40928E-01   0.27209E-01   0.13580E-01   0.00000E+00
   0.00000E+00  -0.19797E-01  -0.39657E-01  -0.59629E-01  -0.79738E-01  -0.99963E-01  -0.12021E+00  -0.14027E+00  -0.15976E+00  -0.17806E+00  -0.19415E+00  -0.20656E+00  -0.21322E+00  -0.21161E+00  -0.19928E+00  -0.17509E+00  -0.14032E+00  -0.97596E-01  -0.49787E-01   0.47626E-03   0.50777E-01   0.98700E-01   0.14162E+00   0.17670E+00   0.20132E+00   0.21419E+00   0.21648E+00   0.21060E+00   0.19906E+00   0.18393E+00   0.16667E+00   0.14829E+00   0.12942E+00   0.11044E+00   0.91557E-01   0.72875E-01   0.54415E-01   0.36154E-01   0.18039E-01   0.00000E+00
   0.00000E+00  -0.24653E-01  -0.49410E-01  -0.74363E-01  -0.99583E-01  -0.12510E+00  -0.15087E+00  -0.17674E+00  -0.20238E+00  -0.22717E+00  -0.25002E+00  -0.26911E+00  -0.28160E+00  -0.28337E+00  -0.26963E+00  -0.23738E+00  -0.18966E+00  -0.13136E+00  -0.66838E-01   0.52459E-03   0.67928E-01   0.13258E+00   0.19111E+00   0.23919E+00   0.27195E+00   0.28638E+00   0.28548E+00   0.27399E+00   0.25601E+00   0.23437E+00   0.21088E+00   0.18663E+00   0.16224E+00   0.13805E+00   0.11421E+00   0.90775E-01   0.67711E-01   0.44958E-01   0.22423E-01   0.00000E+00
   0.00000E+00  -0.29407E-01  -0.58969E-01  -0.88836E-01  -0.11914E+00  -0.14999E+00  -0.18143E+00  -0.21345E+00  -0.24586E+00  -0.27823E+00  -0.30965E+00  -0.33829E+00  -0.36069E+00  -0.37064E+00  -0.35849E+00  -0.31515E+00  -0.24959E+00  -0.17136E+00  -0.86727E-01   0.53337E-03   0.87834E-01   0.17259E+00   0.25105E+00   0.31699E+00   0.36092E+00   0.37393E+00   0.36506E+00   0.34390E+00   0.31662E+00   0.28667E+00   0.25587E+00   0.22513E+00   0.19489E+00   0.16533E+00   0.13649E+00   0.10831E+00   0.80706E-01   0.53549E-01   0.26697E-01   0.00000E+00
   0.00000E+00  -0.34007E-01  -0.68228E-01  -0.10288E+00  -0.13816E+00  -0.17428E+00  -0.21143E+00  -0.24977E+00  -0.28939E+00  -0.33026E+00  -0.37206E+00  -0.41371E+00  -0.45225E+00  -0.48001E+00  -0.47853E+00  -0.41515E+00  -0.32218E+00  -0.21774E+00  -0.10925E+00   0.50390E-03   0.11029E+00   0.21889E+00   0.32352E+00   0.41682E+00   0.48081E+00   0.48336E+00   0.45695E+00   0.41993E+00   0.37991E+00   0.33985E+00   0.30082E+00   0.26315E+00   0.22687E+00   0.19191E+00   0.15810E+00   0.12529E+00   0.93264E-01   0.61841E-01   0.30820E-01   0.00000E+00
   0.00000E+00  -0.38395E-01  -0.77065E-01  -0.11629E+00  -0.15635E+00  -0.19756E+00  -0.24026E+00  -0.28481E+00  -0.33167E+00  -0.38138E+00  -0.43463E+00  -0.49224E+00  -0.55460E+00  -0.61862E+00  -0.66047E+00  -0.54474E+00  -0.40625E+00  -0.26819E+00  -0.13303E+00   0.44418E-03   0.13393E+00   0.26915E+00   0.40730E+00   0.54598E+00   0.66214E+00   0.62177E+00   0.55948E+00   0.49895E+00   0.44327E+00   0.39203E+00   0.34443E+00   0.29978E+00   0.25757E+00   0.21734E+00   0.17876E+00   0.14148E+00   0.10523E+00   0.69741E-01   0.34747E-01   0.00000E+00
   0.00000E+00  -0.42512E-01  -0.85353E-01  -0.12886E+00  -0.17340E+00  -0.21937E+00  -0.26723E+00  -0.31756E+00  -0.37111E+00  -0.42896E+00  -0.49287E+00  -0.56600E+00  -0.65531E+00  -0.77941E+00  -0.10000E+01  -0.69709E+00  -0.48987E+00  -0.31576E+00  -0.15511E+00   0.36809E-03   0.15584E+00   0.31649E+00   0.49057E+00   0.69766E+00   0.10000E+01   0.78209E+00   0.66026E+00   0.57315E+00   0.50222E+00   0.44059E+00   0.38509E+00   0.33401E+00   0.28629E+00   0.24117E+00   0.19811E+00   0.15667E+00   0.11646E+00   0.77152E-01   0.38431E-01   0.00000E+00
   0.00000E+00  -0.46303E-01  -0.92979E-01  -0.14042E+00  -0.18903E+00  -0.23929E+00  -0.29175E+00  -0.34710E+00  -0.40625E+00  -0.47051E+00  -0.54188E+00  -0.62361E+00  -0.72124E+00  -0.84372E+00  -0.10000E+01  -0.75377E+00  -0.54038E+00  -0.34986E+00  -0.17201E+00   0.29153E-03   0.17259E+00   0.35040E+00   0.54085E+00   0.75407E+00   0.10000E+01   0.84634E+00   0.72635E+00   0.63116E+00   0.55189E+00   0.48303E+00   0.42137E+00   0.36492E+00   0.31242E+00   0.26296E+00   0.21587E+00   0.17064E+00   0.12680E+00   0.83985E-01   0.41829E-01   0.00000E+00
   0.00000E+00  -0.49722E-01  -0.99849E-01  -0.15080E+00  -0.20303E+00  -0.25703E+00  -0.31340E+00  -0.37285E+00  -0.43630E+00  -0.50496E+00  -0.58054E+00  -0.66533E+00  -0.76231E+00  -0.87423E+00  -0.10000E+01  -0.77760E+00  -0.56802E+00  -0.37129E+00  -0.18337E+00   0.22407E-03   0.18381E+00   0.37168E+00   0.56834E+00   0.77779E+00   0.10000E+01   0.87692E+00   0.76763E+00   0.67329E+00   0.59116E+00   0.51830E+00   0.45244E+00   0.39192E+00   0.33554E+00   0.28240E+00   0.23181E+00   0.18322E+00   0.13614E+00   0.90167E-01   0.44907E-01   0.00000E+00
   0.00000E+00  -0.52739E-01  -0.10590E+00  -0.15992E+00  -0.21526E+00  -0.27242E+00  -0.33198E+00  -0.39461E+00  -0.46113E+00  -0.53252E+00  -0.60999E+00  -0.69488E+00  -0.78843E+00  -0.89092E+00  -0.10000E+01  -0.78861E+00  -0.58281E+00  -0.38390E+00  -0.19042E+00   0.16936E-03   0.19075E+00   0.38419E+00   0.58303E+00   0.78874E+00   0.10000E+01   0.89370E+00   0.79399E+00   0.70323E+00   0.62117E+00   0.54661E+00   0.47821E+00   0.41481E+00   0.35543E+00   0.29931E+00   0.24578E+00   0.19430E+00   0.14440E+00   0.95646E-01   0.47638E-01   0.00000E+00
   0.00000E+00  -0.55338E-01  -0.11110E+00  -0.16773E+00  -0.22567E+00  -0.28542E+00  -0.34750E+00  -0.41251E+00  -0.48111E+00  -0.55403E+00  -0.63202E+00  -0.71577E+00  -0.80561E+00  -0.90101E+00  -0.10000E+01  -0.79404E+00  -0.59072E+00  -0.39107E+00  -0.19458E+00   0.12707E-03   0.19482E+00   0.39128E+00   0.59088E+00   0.79412E+00   0.10000E+01   0.90390E+00   0.81140E+00   0.72449E+00   0.64372E+00   0.56877E+00   0.49901E+00   0.43369E+00   0.37212E+00   0.31365E+00   0.25772E+00   0.20383E+00   0.15153E+00   0.10039E+00   0.50005E-01   0.00000E+00
   0.00000E+00  -0.57514E-01  -0.11545E+00  -0.17423E+00  -0.23429E+00  -0.29609E+00  -0.36011E+00  -0.42683E+00  -0.49678E+00  -0.57046E+00  -0.64831E+00  -0.73060E+00  -0.81723E+00  -0.90753E+00  -0.10000E+01  -0.79682E+00  -0.59496E+00  -0.39506E+00  -0.19696E+00   0.95650E-04   0.19714E+00   0.39522E+00   0.59508E+00   0.79688E+00   0.10000E+01   0.91052E+00   0.82323E+00   0.73964E+00   0.66045E+00   0.58579E+00   0.51540E+00   0.44887E+00   0.38572E+00   0.32547E+00   0.26765E+00   0.21181E+00   0.15752E+00   0.10438E+00   0.52002E-01   0.00000E+00
   0.00000E+00  -0.59273E-01  -0.11895E+00  -0.17945E+00  -0.24119E+00  -0.30457E+00  -0.37002E+00  -0.43795E+00  -0.50875E+00  -0.58275E+00  -0.66018E+00  -0.74108E+00  -0.82520E+00  -0.91188E+00  -0.10000E+01  -0.79828E+00  -0.59724E+00  -0.39727E+00  -0.19830E+00   0.72976E-04   0.19844E+00   0.39739E+00   0.59733E+00   0.79832E+00   0.10000E+01   0.91496E+00   0.83138E+00   0.75039E+00   0.67269E+00   0.59855E+00   0.52795E+00   0.46069E+00   0.39646E+00   0.33490E+00   0.27563E+00   0.21825E+00   0.16238E+00   0.10763E+00   0.53628E-01   0.00000E+00
   0.00000E+00  -0.60627E-01  -0.12165E+00  -0.18346E+00  -0.24645E+00  -0.31099E+00  -0.37747E+00  -0.44621E+00  -0.51752E+00  -0.59161E+00  -0.66858E+00  -0.74835E+00  -0.83062E+00  -0.91479E+00  -0.10000E+01  -0.79905E+00  -0.59847E+00  -0.39847E+00  -0.19903E+00   0.57396E-04   0.19914E+00   0.39856E+00   0.59854E+00   0.79909E+00   0.10000E+01   0.91794E+00   0.83694E+00   0.75789E+00   0.68140E+00   0.60780E+00   0.53720E+00   0.46952E+00   0.40456E+00   0.34208E+00   0.28174E+00   0.22321E+00   0.16613E+00   0.11014E+00   0.54889E-01   0.00000E+00
   0.00000E+00  -0.61590E-01  -0.12356E+00  -0.18629E+00  -0.25016E+00  -0.31550E+00  -0.38266E+00  -0.45193E+00  -0.52353E+00  -0.59761E+00  -0.67419E+00  -0.75315E+00  -0.83415E+00  -0.91666E+00  -0.10000E+01  -0.79945E+00  -0.59911E+00  -0.39910E+00  -0.19943E+00   0.47457E-04   0.19952E+00   0.39918E+00   0.59917E+00   0.79948E+00   0.10000E+01   0.91987E+00   0.84057E+00   0.76285E+00   0.68723E+00   0.61408E+00   0.54355E+00   0.47564E+00   0.41024E+00   0.34713E+00   0.28607E+00   0.22673E+00   0.16881E+00   0.11194E+00   0.55792E-01   0.00000E+00
   0.00000E+00  -0.62175E-01  -0.12472E+00  -0.18801E+00  -0.25240E+00  -0.31821E+00  -0.38577E+00  -0.45533E+00  -0.52708E+00  -0.60112E+00  -0.67745E+00  -0.75590E+00  -0.83616E+00  -0.91773E+00  -0.10000E+01  -0.79964E+00  -0.59942E+00  -0.39941E+00  -0.19962E+00   0.42374E-04   0.19970E+00   0.39948E+00   0.59947E+00   0.79967E+00   0.10000E+01   0.92097E+00   0.84265E+00   0.76571E+00   0.69063E+00   0.61777E+00   0.54732E+00   0.47930E+00   0.41365E+00   0.35019E+00   0.28869E+00   0.22888E+00   0.17044E+00   0.11304E+00   0.56345E-01   0.00000E+00
   0.00000E+00  -0.62391E-01  -0.12515E+00  -0.18864E+00  -0.25322E+00  -0.31920E+00  -0.38690E+00  -0.45655E+00  -0.52834E+00  -0.60237E+00  -0.67860E+00  -0.75686E+00  -0.83685E+00  -0.91810E+00  -0.10000E+01  -0.79970E+00  -0.59951E+00  -0.39950E+00  -0.19967E+00   0.41556E-04   0.19975E+00   0.39957E+00   0.59956E+00   0.79972E+00   0.10000E+01   0.92135E+00   0.84338E+00   0.76671E+00   0.69184E+00   0.61910E+00   0.54868E+00   0.48063E+00   0.41490E+00   0.35132E+00   0.28967E+00   0.22968E+00   0.17105E+00   0.11345E+00   0.56553E-01   0.00000E+00
   0.00000E+00  -0.62242E-01  -0.12485E+00  -0.18820E+00  -0.25264E+00  -0.31850E+00  -0.38608E+00  -0.45565E+00  -0.52740E+00  -0.60142E+00  -0.67772E+00  -0.75612E+00  -0.83631E+00  -0.91781E+00  -0.10000E+01  -0.79964E+00  -0.59942E+00  -0.39941E+00  -0.19962E+00   0.45039E-04   0.19970E+00   0.39949E+00   0.59947E+00   0.79967E+00   0.10000E+01   0.92106E+00   0.84283E+00   0.76595E+00   0.69094E+00   0.61813E+00   0.54769E+00   0.47969E+00   0.41403E+00   0.35055E+00   0.28901E+00   0.22915E+00   0.17065E+00   0.11319E+00   0.56418E-01   0.00000E+00
   0.00000E+00  -0.61726E-01  -0.12383E+00  -0.18668E+00  -0.25065E+00  -0.31608E+00  -0.38330E+00  -0.45259E+00  -0.52419E+00  -0.59823E+00  -0.67474E+00  -0.75359E+00  -0.83446E+00  -0.91683E+00  -0.10000E+01  -0.79946E+00  -0.59912E+00  -0.39911E+00  -0.19943E+00   0.53068E-04   0.19953E+00   0.39920E+00   0.59918E+00   0.79949E+00   0.10000E+01   0.92005E+00   0.84093E+00   0.76335E+00   0.68786E+00   0.61480E+00   0.54432E+00   0.47643E+00   0.41101E+00   0.34786E+00   0.28672E+00   0.22728E+00   0.16923E+00   0.11224E+00   0.55942E-01   0.00000E+00
   0.00000E+00  -0.60838E-01  -0.12206E+00  -0.18406E+00  -0.24721E+00  -0.31189E+00  -0.37845E+00  -0.44724E+00  -0.51855E+00  -0.59258E+00  -0.66944E+00  -0.74906E+00  -0.83112E+00  -0.91505E+00  -0.10000E+01  -0.79906E+00  -0.59848E+00  -0.39848E+00  -0.19904E+00   0.66508E-04   0.19917E+00   0.39859E+00   0.59856E+00   0.79910E+00   0.10000E+01   0.91823E+00   0.83750E+00   0.75869E+00   0.68238E+00   0.60892E+00   0.53840E+00   0.47074E+00   0.40576E+00   0.34320E+00   0.28274E+00   0.22405E+00   0.16679E+00   0.11060E+00   0.55120E-01   0.00000E+00
   0.00000E+00  -0.59567E-01  -0.11953E+00  -0.18029E+00  -0.24225E+00  -0.30582E+00  -0.37140E+00  -0.43940E+00  -0.51020E+00  -0.58412E+00  -0.66140E+00  -0.74208E+00  -0.82591E+00  -0.91225E+00  -0.10000E+01  -0.79830E+00  -0.59728E+00  -0.39730E+00  -0.19831E+00   0.86544E-04   0.19847E+00   0.39744E+00   0.59738E+00   0.79835E+00   0.10000E+01   0.91537E+00   0.83218E+00   0.75153E+00   0.67409E+00   0.60013E+00   0.52964E+00   0.46241E+00   0.39814E+00   0.33647E+00   0.27702E+00   0.21942E+00   0.16329E+00   0.10826E+00   0.53948E-01   0.00000E+00
   0.00000E+00  -0.57902E-01  -0.11621E+00  -0.17534E+00  -0.23571E+00  -0.29776E+00  -0.36195E+00  -0.42878E+00  -0.49874E+00  -0.57233E+00  -0.64998E+00  -0.73197E+00  -0.81821E+00  -0.90804E+00  -0.10000E+01  -0.79686E+00  -0.59503E+00  -0.39512E+00  -0.19699E+00   0.11500E-03   0.19721E+00   0.39531E+00   0.59517E+00   0.79694E+00   0.10000E+01   0.91109E+00   0.82433E+00   0.74118E+00   0.66234E+00   0.58792E+00   0.51766E+00   0.45116E+00   0.38794E+00   0.32754E+00   0.26949E+00   0.21335E+00   0.15872E+00   0.10521E+00   0.52421E-01   0.00000E+00
   0.00000E+00  -0.55835E-01  -0.11208E+00  -0.16915E+00  -0.22749E+00  -0.28756E+00  -0.34989E+00  -0.41504E+00  -0.48366E+00  -0.55648E+00  -0.63424E+00  -0.71761E+00  -0.80693E+00  -0.90171E+00  -0.10000E+01  -0.79412E+00  -0.59084E+00  -0.39118E+00  -0.19464E+00   0.15411E-03   0.19493E+00   0.39143E+00   0.59103E+00   0.79422E+00   0.10000E+01   0.90467E+00   0.81287E+00   0.72654E+00   0.64621E+00   0.57156E+00   0.50195E+00   0.43665E+00   0.37497E+00   0.31629E+00   0.26007E+00   0.20580E+00   0.15306E+00   0.10143E+00   0.50536E-01   0.00000E+00
   0.00000E+00  -0.53363E-01  -0.10713E+00  -0.16171E+00  -0.21755E+00  -0.27513E+00  -0.33501E+00  -0.39784E+00  -0.46441E+00  -0.53570E+00  -0.61289E+00  -0.69731E+00  -0.79020E+00  -0.89186E+00  -0.10000E+01  -0.78877E+00  -0.58305E+00  -0.38411E+00  -0.19053E+00   0.20654E-03   0.19093E+00   0.38446E+00   0.58332E+00   0.78892E+00   0.10000E+01   0.89474E+00   0.79594E+00   0.70593E+00   0.62441E+00   0.55019E+00   0.48195E+00   0.41855E+00   0.35903E+00   0.30263E+00   0.24871E+00   0.19676E+00   0.14631E+00   0.96946E-01   0.48297E-01   0.00000E+00
   0.00000E+00  -0.50493E-01  -0.10137E+00  -0.15302E+00  -0.20587E+00  -0.26041E+00  -0.31720E+00  -0.37692E+00  -0.44047E+00  -0.50905E+00  -0.58431E+00  -0.66856E+00  -0.76471E+00  -0.87555E+00  -0.10000E+01  -0.77791E+00  -0.56847E+00  -0.37168E+00  -0.18358E+00   0.27455E-03   0.18411E+00   0.37217E+00   0.56885E+00   0.77814E+00   0.10000E+01   0.87834E+00   0.77026E+00   0.67683E+00   0.59534E+00   0.52286E+00   0.45716E+00   0.39660E+00   0.34000E+00   0.28650E+00   0.23542E+00   0.18623E+00   0.13848E+00   0.91758E-01   0.45713E-01   0.00000E+00
   0.00000E+00  -0.47245E-01  -0.94836E-01  -0.14314E+00  -0.19253E+00  -0.24347E+00  -0.29646E+00  -0.35218E+00  -0.41150E+00  -0.47572E+00  -0.54678E+00  -0.62790E+00  -0.72455E+00  -0.84562E+00  -0.10000E+01  -0.75441E+00  -0.54123E+00  -0.35057E+00  -0.17238E+00   0.35890E-03   0.17309E+00   0.35124E+00   0.54179E+00   0.75478E+00   0.10000E+01   0.84838E+00   0.72993E+00   0.63583E+00   0.55726E+00   0.48880E+00   0.42726E+00   0.37072E+00   0.31791E+00   0.26798E+00   0.22027E+00   0.17430E+00   0.12963E+00   0.85909E-01   0.42803E-01   0.00000E+00
   0.00000E+00  -0.43652E-01  -0.87604E-01  -0.13216E+00  -0.17766E+00  -0.22447E+00  -0.27302E+00  -0.32384E+00  -0.37767E+00  -0.43555E+00  -0.49919E+00  -0.57171E+00  -0.65998E+00  -0.78239E+00  -0.10000E+01  -0.69851E+00  -0.49146E+00  -0.31700E+00  -0.15574E+00   0.45600E-03   0.15665E+00   0.31790E+00   0.49231E+00   0.69917E+00   0.10000E+01   0.78527E+00   0.66527E+00   0.57931E+00   0.50910E+00   0.44783E+00   0.39240E+00   0.34113E+00   0.29298E+00   0.24725E+00   0.20342E+00   0.16107E+00   0.11985E+00   0.79455E-01   0.39595E-01   0.00000E+00
   0.00000E+00  -0.39763E-01  -0.79768E-01  -0.12026E+00  -0.16149E+00  -0.20374E+00  -0.24731E+00  -0.29252E+00  -0.33980E+00  -0.38965E+00  -0.44273E+00  -0.49980E+00  -0.56126E+00  -0.62398E+00  -0.66433E+00  -0.54816E+00  -0.40910E+00  -0.27022E+00  -0.13403E+00   0.55544E-03   0.13516E+00   0.27140E+00   0.41037E+00   0.54961E+00   0.66622E+00   0.62744E+00   0.56656E+00   0.50706E+00   0.45202E+00   0.40106E+00   0.35341E+00   0.30845E+00   0.26566E+00   0.22466E+00   0.18511E+00   0.14673E+00   0.10927E+00   0.72478E-01   0.36129E-01   0.00000E+00
   0.00000E+00  -0.35636E-01  -0.71452E-01  -0.10762E+00  -0.14432E+00  -0.18172E+00  -0.21995E+00  -0.25915E+00  -0.29937E+00  -0.34053E+00  -0.38228E+00  -0.42351E+00  -0.46128E+00  -0.48793E+00  -0.48519E+00  -0.42071E+00  -0.32655E+00  -0.22075E+00  -0.11073E+00   0.63927E-03   0.11204E+00   0.22217E+00   0.32818E+00   0.42270E+00   0.48782E+00   0.49172E+00   0.46651E+00   0.43037E+00   0.39088E+00   0.35098E+00   0.31177E+00   0.27361E+00   0.23658E+00   0.20063E+00   0.16565E+00   0.13150E+00   0.98029E-01   0.65066E-01   0.32447E-01   0.00000E+00
   0.00000E+00  -0.31332E-01  -0.62783E-01  -0.94464E-01  -0.12647E+00  -0.15886E+00  -0.19165E+00  -0.22477E+00  -0.25799E+00  -0.29085E+00  -0.32236E+00  -0.35071E+00  -0.37241E+00  -0.38129E+00  -0.36779E+00  -0.32294E+00  -0.25566E+00  -0.17549E+00  -0.88765E-01   0.69142E-03   0.90192E-01   0.17706E+00   0.25747E+00   0.32517E+00   0.37067E+00   0.38511E+00   0.37740E+00   0.35704E+00   0.33017E+00   0.30025E+00   0.26909E+00   0.23766E+00   0.20644E+00   0.17566E+00   0.14538E+00   0.11562E+00   0.86290E-01   0.57321E-01   0.28598E-01   0.00000E+00
   0.00000E+00  -0.26912E-01  -0.53890E-01  -0.80988E-01  -0.10823E+00  -0.13561E+00  -0.16303E+00  -0.19030E+00  -0.21701E+00  -0.24250E+00  -0.26563E+00  -0.28455E+00  -0.29638E+00  -0.29703E+00  -0.28175E+00  -0.24760E+00  -0.19764E+00  -0.13681E+00  -0.69531E-01   0.70174E-03   0.70981E-01   0.13840E+00   0.19950E+00   0.24986E+00   0.28459E+00   0.30065E+00   0.30095E+00   0.29023E+00   0.27255E+00   0.25076E+00   0.22671E+00   0.20153E+00   0.17590E+00   0.15019E+00   0.12463E+00   0.99297E-01   0.74209E-01   0.49339E-01   0.24628E-01   0.00000E+00
   0.00000E+00  -0.22427E-01  -0.44880E-01  -0.67369E-01  -0.89875E-01  -0.11233E+00  -0.13459E+00  -0.15638E+00  -0.17726E+00  -0.19653E+00  -0.21312E+00  -0.22548E+00  -0.23152E+00  -0.22870E+00  -0.21459E+00  -0.18808E+00  -0.15049E+00  -0.10456E+00  -0.53253E-01   0.66744E-03   0.54632E-01   0.10608E+00   0.15225E+00   0.19019E+00   0.21720E+00   0.23195E+00   0.23555E+00   0.23041E+00   0.21905E+00   0.20356E+00   0.18548E+00   0.16588E+00   0.14544E+00   0.12461E+00   0.10366E+00   0.82746E-01   0.61921E-01   0.41205E-01   0.20578E-01   0.00000E+00
   0.00000E+00  -0.17920E-01  -0.35837E-01  -0.53737E-01  -0.71574E-01  -0.89255E-01  -0.10661E+00  -0.12338E+00  -0.13913E+00  -0.15324E+00  -0.16483E+00  -0.17275E+00  -0.17554E+00  -0.17167E+00  -0.15985E+00  -0.13962E+00  -0.11170E+00  -0.77698E-01  -0.39585E-01   0.59050E-03   0.40804E-01   0.79034E-01   0.11324E+00   0.14146E+00   0.16209E+00   0.17441E+00   0.17889E+00   0.17681E+00   0.16969E+00   0.15897E+00   0.14580E+00   0.13106E+00   0.11538E+00   0.99161E-01   0.82684E-01   0.66112E-01   0.49534E-01   0.32989E-01   0.16482E-01   0.00000E+00
   0.00000E+00  -0.13415E-01  -0.26815E-01  -0.40171E-01  -0.53433E-01  -0.66507E-01  -0.79242E-01  -0.91403E-01  -0.10264E+00  -0.11247E+00  -0.12024E+00  -0.12514E+00  -0.12622E+00  -0.12258E+00  -0.11353E+00  -0.98849E-01  -0.78995E-01  -0.54942E-01  -0.27978E-01   0.47692E-03   0.28962E-01   0.56018E-01   0.80228E-01   0.10031E+00   0.11529E+00   0.12472E+00   0.12882E+00   0.12825E+00   0.12395E+00   0.11683E+00   0.10770E+00   0.97219E-01   0.85865E-01   0.73985E-01   0.61811E-01   0.49493E-01   0.37121E-01   0.24739E-01   0.12365E-01   0.00000E+00
   0.00000E+00  -0.89275E-02  -0.17838E-01  -0.26704E-01  -0.35483E-01  -0.44103E-01  -0.52450E-01  -0.60353E-01  -0.67571E-01  -0.73771E-01  -0.78531E-01  -0.81339E-01  -0.81642E-01  -0.78923E-01  -0.72821E-01  -0.63256E-01  -0.50491E-01  -0.35099E-01  -0.17860E-01   0.33441E-03   0.18550E-01   0.35851E-01   0.51350E-01   0.64267E-01   0.74035E-01   0.80388E-01   0.83407E-01   0.83450E-01   0.81032E-01   0.76703E-01   0.70970E-01   0.64256E-01   0.56889E-01   0.49110E-01   0.41089E-01   0.32937E-01   0.24723E-01   0.16485E-01   0.82424E-02   0.00000E+00
   0.00000E+00  -0.44581E-02  -0.89052E-02  -0.13326E-01  -0.17696E-01  -0.21976E-01  -0.26104E-01  -0.29994E-01  -0.33520E-01  -0.36516E-01  -0.38773E-01  -0.40049E-01  -0.40084E-01  -0.38647E-01  -0.35583E-01  -0.30863E-01  -0.24614E-01  -0.17103E-01  -0.86977E-02   0.17222E-03   0.90525E-02   0.17489E-01   0.25054E-01   0.31380E-01   0.36201E-01   0.39391E-01   0.40977E-01   0.41114E-01   0.40033E-01   0.37990E-01   0.35227E-01   0.31953E-01   0.28331E-01   0.24486E-01   0.20505E-01   0.16448E-01   0.12352E-01   0.82390E-02   0.41202E-02   0.00000E+00
   0.00000E+00   0.00000E+00   0.00000E+00   0.00000E+00   0.00000E+00   0.00000E+00   0.00000E+00   0.00000E+00   0.00000E+00   0.00000E+00   0.00000E+00   0.00000E+00   0.00000E+00   0.00000E+00   0.00000E+00   0.00000E+00   0.00000E+00   0.00000E+00   0.00000E+00   0.00000E+00   0.00000E+00   0.00000E+00   0.00000E+00   0.00000E+00   0.00000E+00   0.00000E+00   0.00000E+00   0.00000E+00   0.00000E+00   0.00000E+00   0.00000E+00   0.00000E+00   0.00000E+00   0.00000E+00   0.00000E+00   0.00000E+00   0.00000E+00   0.00000E+00   0.00000E+00   0.00000E+00
