  -0.10000E+01  -0.94872E+00  -0.89744E+00  -0.84615E+00  -0.79487E+00  -0.74359E+00  -0.69231E+00  -0.64103E+00  -0.58974E+00  -0.53846E+00  -0.48718E+00  -0.43590E+00  -0.38462E+00  -0.33333E+00  -0.28205E+00  -0.23077E+00  -0.17949E+00  -0.12821E+00  -0.76924E-01  -0.25642E-01   0.25640E-01   0.76922E-01   0.12820E+00   0.17949E+00   0.23077E+00   0.28205E+00   0.33333E+00   0.38461E+00   0.43590E+00   0.48718E+00   0.53846E+00   0.58974E+00   0.64102E+00   0.69231E+00   0.74359E+00   0.79487E+00   0.84615E+00   0.89743E+00   0.94872E+00   0.10000E+01
  -0.10000E+01  -0.94870E+00  -0.89741E+00  -0.84611E+00  -0.79481E+00  -0.74352E+00  -0.69223E+00  -0.64094E+00  -0.58965E+00  -0.53837E+00  -0.48708E+00  -0.43580E+00  -0.38452E+00  -0.33325E+00  -0.28198E+00  -0.23071E+00  -0.17944E+00  -0.12817E+00  -0.76901E-01  -0.25634E-01   0.25632E-01   0.76899E-01   0.12817E+00   0.17943E+00   0.23070E+00   0.28197E+00   0.33325E+00   0.38452E+00   0.43580E+00   0.48708E+00   0.53836E+00   0.58965E+00   0.64094E+00   0.69223E+00   0.74352E+00   0.79481E+00   0.84611E+00   0.89740E+00   0.94870E+00   0.10000E+01
  -0.10000E+01  -0.94869E+00  -0.89737E+00  -0.84606E+00  -0.79476E+00  -0.74345E+00  -0.69215E+00  -0.64085E+00  -0.58956E+00  -0.53827E+00  -0.48699E+00  -0.43571E+00  -0.38443E+00  -0.33317E+00  -0.28190E+00  -0.23064E+00  -0.17938E+00  -0.12813E+00  -0.76878E-01  -0.25626E-01   0.25624E-01   0.76875E-01   0.12813E+00   0.17938E+00   0.23064E+00   0.28190E+00   0.33316E+00   0.38443E+00   0.43571E+00   0.48698E+00   0.53827E+00   0.58956E+00   0.64085E+00   0.69215E+00   0.74345E+00   0.79475E+00   0.84606E+00   0.89737E+00   0.94869E+00   0.10000E+01
  -0.10000E+01  -0.94867E+00  -0.89734E+00  -0.84602E+00  -0.79470E+00  -0.74338E+00  -0.69207E+00  -0.64076E+00  -0.58947E+00  -0.53817E+00  -0.48689E+00  -0.43561E+00  -0.38434E+00  -0.33308E+00  -0.28183E+00  -0.23058E+00  -0.17933E+00  -0.12809E+00  -0.76855E-01  -0.25619E-01   0.25617E-01   0.76853E-01   0.12809E+00   0.17933E+00   0.23058E+00   0.28183E+00   0.33308E+00   0.38434E+00   0.43561E+00   0.48689E+00   0.53817E+00   0.58946E+00   0.64076E+00   0.69207E+00   0.74338E+00   0.79470E+00   0.84602E+00   0.89734E+00   0.94867E+00   0.10000E+01
  -0.10000E+01  -0.94866E+00  -0.89731E+00  -0.84598E+00  -0.79464E+00  -0.74331E+00  -0.69199E+00  -0.64068E+00  -0.58938E+00  -0.53808E+00  -0.48680E+00  -0.43552E+00  -0.38426E+00  -0.33300E+00  -0.28175E+00  -0.23052E+00  -0.17928E+00  -0.12806E+00  -0.76832E-01  -0.25611E-01   0.25609E-01   0.76830E-01   0.12805E+00   0.17928E+00   0.23051E+00   0.28175E+00   0.33300E+00   0.38426E+00   0.43552E+00   0.48680E+00   0.53808E+00   0.58937E+00   0.64068E+00   0.69199E+00   0.74331E+00   0.79464E+00   0.84597E+00   0.89731E+00   0.94866E+00   0.10000E+01
  -0.10000E+01  -0.94864E+00  -0.89729E+00  -0.84593E+00  -0.79459E+00  -0.74325E+00  -0.69192E+00  -0.64060E+00  -0.58929E+00  -0.53799E+00  -0.48671E+00  -0.43543E+00  -0.38417E+00  -0.33292E+00  -0.28168E+00  -0.23046E+00  -0.17923E+00  -0.12802E+00  -0.76810E-01  -0.25604E-01   0.25602E-01   0.76809E-01   0.12802E+00   0.17923E+00   0.23045E+00   0.28168E+00   0.33292E+00   0.38417E+00   0.43543E+00   0.48670E+00   0.53799E+00   0.58929E+00   0.64060E+00   0.69192E+00   0.74325E+00   0.79459E+00   0.84593E+00   0.89729E+00   0.94864E+00   0.10000E+01
  -0.10000E+01  -0.94863E+00  -0.89726E+00  -0.84589E+00  -0.79453E+00  -0.74318E+00  -0.69184E+00  -0.64052E+00  -0.58920E+00  -0.53790E+00  -0.48662E+00  -0.43535E+00  -0.38409E+00  -0.33285E+00  -0.28162E+00  -0.23040E+00  -0.17919E+00  -0.12799E+00  -0.76789E-01  -0.25597E-01   0.25595E-01   0.76787E-01   0.12798E+00   0.17919E+00   0.23040E+00   0.28161E+00   0.33284E+00   0.38409E+00   0.43534E+00   0.48662E+00   0.53790E+00   0.58920E+00   0.64052E+00   0.69184E+00   0.74318E+00   0.79453E+00   0.84589E+00   0.89726E+00   0.94863E+00   0.10000E+01
  -0.10000E+01  -0.94861E+00  -0.89723E+00  -0.84585E+00  -0.79448E+00  -0.74312E+00  -0.69178E+00  -0.64044E+00  -0.58912E+00  -0.53782E+00  -0.48653E+00  -0.43526E+00  -0.38401E+00  -0.33277E+00  -0.28155E+00  -0.23034E+00  -0.17914E+00  -0.12795E+00  -0.76769E-01  -0.25590E-01   0.25588E-01   0.76767E-01   0.12795E+00   0.17914E+00   0.23034E+00   0.28155E+00   0.33277E+00   0.38401E+00   0.43526E+00   0.48653E+00   0.53782E+00   0.58912E+00   0.64044E+00   0.69177E+00   0.74312E+00   0.79448E+00   0.84585E+00   0.89723E+00   0.94861E+00   0.10000E+01
  -0.10000E+01  -0.94860E+00  -0.89721E+00  -0.84582E+00  -0.79443E+00  -0.74307E+00  -0.69171E+00  -0.64037E+00  -0.58904E+00  -0.53774E+00  -0.48645E+00  -0.43518E+00  -0.38394E+00  -0.33270E+00  -0.28149E+00  -0.23029E+00  -0.17910E+00  -0.12792E+00  -0.76750E-01  -0.25583E-01   0.25582E-01   0.76748E-01   0.12792E+00   0.17910E+00   0.23029E+00   0.28149E+00   0.33270E+00   0.38393E+00   0.43518E+00   0.48645E+00   0.53774E+00   0.58904E+00   0.64037E+00   0.69171E+00   0.74306E+00   0.79443E+00   0.84582E+00   0.89721E+00   0.94860E+00   0.10000E+01
  -0.10000E+01  -0.94859E+00  -0.89718E+00  -0.84578E+00  -0.79439E+00  -0.74301E+00  -0.69165E+00  -0.64030E+00  -0.58897E+00  -0.53766E+00  -0.48638E+00  -0.43511E+00  -0.38386E+00  -0.33264E+00  -0.28143E+00  -0.23024E+00  -0.17906E+00  -0.12789E+00  -0.76732E-01  -0.25577E-01   0.25576E-01   0.76730E-01   0.12789E+00   0.17906E+00   0.23024E+00   0.28143E+00   0.33264E+00   0.38386E+00   0.43511E+00   0.48638E+00   0.53766E+00   0.58897E+00   0.64030E+00   0.69165E+00   0.74301E+00   0.79439E+00   0.84578E+00   0.89718E+00   0.94859E+00   0.10000E+01
  -0.10000E+01  -0.94858E+00  -0.89716E+00  -0.84575E+00  -0.79435E+00  -0.74296E+00  -0.69159E+00  -0.64024E+00  -0.58890E+00  -0.53759E+00  -0.48631E+00  -0.43504E+00  -0.38380E+00  -0.33258E+00  -0.28138E+00  -0.23019E+00  -0.17902E+00  -0.12786E+00  -0.76715E-01  -0.25571E-01   0.25570E-01   0.76713E-01   0.12786E+00   0.17902E+00   0.23019E+00   0.28137E+00   0.33258E+00   0.38380E+00   0.43504E+00   0.48631E+00   0.53759E+00   0.58890E+00   0.64024E+00   0.69159E+00   0.74296E+00   0.79435E+00   0.84575E+00   0.89716E+00   0.94858E+00   0.10000E+01
  -0.10000E+01  -0.94857E+00  -0.89714E+00  -0.84572E+00  -0.79431E+00  -0.74291E+00  -0.69154E+00  -0.64018E+00  -0.58884E+00  -0.53753E+00  -0.48624E+00  -0.43498E+00  -0.38374E+00  -0.33252E+00  -0.28132E+00  -0.23015E+00  -0.17899E+00  -0.12784E+00  -0.76699E-01  -0.25566E-01   0.25565E-01   0.76698E-01   0.12784E+00   0.17899E+00   0.23015E+00   0.28132E+00   0.33252E+00   0.38374E+00   0.43498E+00   0.48624E+00   0.53753E+00   0.58884E+00   0.64018E+00   0.69153E+00   0.74291E+00   0.79431E+00   0.84572E+00   0.89714E+00   0.94857E+00   0.10000E+01
  -0.10000E+01  -0.94856E+00  -0.89712E+00  -0.84569E+00  -0.79427E+00  -0.74287E+00  -0.69149E+00  -0.64013E+00  -0.58879E+00  -0.53747E+00  -0.48618E+00  -0.43492E+00  -0.38368E+00  -0.33247E+00  -0.28128E+00  -0.23011E+00  -0.17895E+00  -0.12781E+00  -0.76685E-01  -0.25561E-01   0.25560E-01   0.76684E-01   0.12781E+00   0.17895E+00   0.23011E+00   0.28128E+00   0.33247E+00   0.38368E+00   0.43492E+00   0.48618E+00   0.53747E+00   0.58879E+00   0.64012E+00   0.69149E+00   0.74287E+00   0.79427E+00   0.84569E+00   0.89712E+00   0.94856E+00   0.10000E+01
  -0.10000E+01  -0.94855E+00  -0.89710E+00  -0.84567E+00  -0.79424E+00  -0.74283E+00  -0.69144E+00  -0.64008E+00  -0.58874E+00  -0.53742E+00  -0.48613E+00  -0.43487E+00  -0.38363E+00  -0.33243E+00  -0.28124E+00  -0.23007E+00  -0.17893E+00  -0.12779E+00  -0.76673E-01  -0.25557E-01   0.25556E-01   0.76671E-01   0.12779E+00   0.17893E+00   0.23007E+00   0.28124E+00   0.33242E+00   0.38363E+00   0.43487E+00   0.48613E+00   0.53742E+00   0.58874E+00   0.64008E+00   0.69144E+00   0.74283E+00   0.79424E+00   0.84567E+00   0.89710E+00   0.94855E+00   0.10000E+01
  -0.10000E+01  -0.94854E+00  -0.89709E+00  -0.84565E+00  -0.79421E+00  -0.74280E+00  -0.69141E+00  -0.64004E+00  -0.58869E+00  -0.53738E+00  -0.48609E+00  -0.43483E+00  -0.38359E+00  -0.33239E+00  -0.28120E+00  -0.23004E+00  -0.17890E+00  -0.12778E+00  -0.76662E-01  -0.25554E-01   0.25552E-01   0.76661E-01   0.12778E+00   0.17890E+00   0.23004E+00   0.28120E+00   0.33239E+00   0.38359E+00   0.43482E+00   0.48609E+00   0.53737E+00   0.58869E+00   0.64004E+00   0.69141E+00   0.74280E+00   0.79421E+00   0.84565E+00   0.89709E+00   0.94854E+00   0.10000E+01
  -0.10000E+01  -0.94854E+00  -0.89708E+00  -0.84563E+00  -0.79419E+00  -0.74277E+00  -0.69138E+00  -0.64000E+00  -0.58866E+00  -0.53734E+00  -0.48605E+00  -0.43479E+00  -0.38356E+00  -0.33235E+00  -0.28117E+00  -0.23002E+00  -0.17888E+00  -0.12776E+00  -0.76653E-01  -0.25550E-01   0.25549E-01   0.76651E-01   0.12776E+00   0.17888E+00   0.23002E+00   0.28117E+00   0.33235E+00   0.38356E+00   0.43479E+00   0.48605E+00   0.53734E+00   0.58866E+00   0.64000E+00   0.69138E+00   0.74277E+00   0.79419E+00   0.84563E+00   0.89708E+00   0.94854E+00   0.10000E+01
  -0.10000E+01  -0.94853E+00  -0.89707E+00  -0.84561E+00  -0.79417E+00  -0.74275E+00  -0.69135E+00  -0.63997E+00  -0.58863E+00  -0.53731E+00  -0.48602E+00  -0.43476E+00  -0.38353E+00  -0.33233E+00  -0.28115E+00  -0.23000E+00  -0.17887E+00  -0.12775E+00  -0.76645E-01  -0.25548E-01   0.25547E-01   0.76644E-01   0.12775E+00   0.17886E+00   0.23000E+00   0.28115E+00   0.33233E+00   0.38353E+00   0.43476E+00   0.48602E+00   0.53731E+00   0.58863E+00   0.63997E+00   0.69135E+00   0.74275E+00   0.79417E+00   0.84561E+00   0.89707E+00   0.94853E+00   0.10000E+01
  -0.10000E+01  -0.94853E+00  -0.89706E+00  -0.84560E+00  -0.79416E+00  -0.74273E+00  -0.69133E+00  -0.63995E+00  -0.58860E+00  -0.53728E+00  -0.48599E+00  -0.43473E+00  -0.38351E+00  -0.33231E+00  -0.28113E+00  -0.22998E+00  -0.17885E+00  -0.12774E+00  -0.76640E-01  -0.25546E-01   0.25545E-01   0.76639E-01   0.12774E+00   0.17885E+00   0.22998E+00   0.28113E+00   0.33231E+00   0.38351E+00   0.43473E+00   0.48599E+00   0.53728E+00   0.58860E+00   0.63995E+00   0.69133E+00   0.74273E+00   0.79416E+00   0.84560E+00   0.89706E+00   0.94853E+00   0.10000E+01
  -0.10000E+01  -0.94853E+00  -0.89706E+00  -0.84560E+00  -0.79415E+00  -0.74272E+00  -0.69132E+00  -0.63994E+00  -0.58859E+00  -0.53727E+00  -0.48598E+00  -0.43472E+00  -0.38349E+00  -0.33229E+00  -0.28112E+00  -0.22997E+00  -0.17884E+00  -0.12773E+00  -0.76636E-01  -0.25545E-01   0.25544E-01   0.76635E-01   0.12773E+00   0.17884E+00   0.22997E+00   0.28112E+00   0.33229E+00   0.38349E+00   0.43472E+00   0.48598E+00   0.53727E+00   0.58859E+00   0.63994E+00   0.69132E+00   0.74272E+00   0.79415E+00   0.84559E+00   0.89706E+00   0.94852E+00   0.10000E+01
  -0.10000E+01  -0.94852E+00  -0.89705E+00  -0.84559E+00  -0.79414E+00  -0.74272E+00  -0.69131E+00  -0.63993E+00  -0.58858E+00  -0.53726E+00  -0.48597E+00  -0.43471E+00  -0.38348E+00  -0.33229E+00  -0.28111E+00  -0.22997E+00  -0.17884E+00  -0.12773E+00  -0.76634E-01  -0.25544E-01   0.25543E-01   0.76633E-01   0.12773E+00   0.17884E+00   0.22997E+00   0.28111E+00   0.33228E+00   0.38348E+00   0.43471E+00   0.48597E+00   0.53726E+00   0.58858E+00   0.63993E+00   0.69131E+00   0.74272E+00   0.79414E+00   0.84559E+00   0.89705E+00   0.94852E+00   0.10000E+01
  -0.10000E+01  -0.94852E+00  -0.89705E+00  -0.84559E+00  -0.79414E+00  -0.74272E+00  -0.69131E+00  -0.63993E+00  -0.58858E+00  -0.53726E+00  -0.48597E+00  -0.43471E+00  -0.38348E+00  -0.33229E+00  -0.28111E+00  -0.22997E+00  -0.17884E+00  -0.12773E+00  -0.76634E-01  -0.25544E-01   0.25543E-01   0.76633E-01   0.12773E+00   0.17884E+00   0.22997E+00   0.28111E+00   0.33228E+00   0.38348E+00   0.43471E+00   0.48597E+00   0.53726E+00   0.58858E+00   0.63993E+00   0.69131E+00   0.74272E+00   0.79414E+00   0.84559E+00   0.89705E+00   0.94852E+00   0.10000E+01
  -0.10000E+01  -0.94853E+00  -0.89706E+00  -0.84560E+00  -0.79415E+00  -0.74272E+00  -0.69132E+00  -0.63994E+00  -0.58859E+00  -0.53727E+00  -0.48598E+00  -0.43472E+00  -0.38349E+00  -0.33229E+00  -0.28112E+00  -0.22997E+00  -0.17884E+00  -0.12773E+00  -0.76636E-01  -0.25545E-01   0.25544E-01   0.76635E-01   0.12773E+00   0.17884E+00   0.22997E+00   0.28112E+00   0.33229E+00   0.38349E+00   0.43472E+00   0.48598E+00   0.53727E+00   0.58859E+00   0.63994E+00   0.69132E+00   0.74272E+00   0.79415E+00   0.84559E+00   0.89706E+00   0.94853E+00   0.10000E+01
  -0.10000E+01  -0.94853E+00  -0.89706E+00  -0.84560E+00  -0.79416E+00  -0.74273E+00  -0.69133E+00  -0.63995E+00  -0.58860E+00  -0.53728E+00  -0.48599E+00  -0.43473E+00  -0.38351E+00  -0.33231E+00  -0.28113E+00  -0.22998E+00  -0.17885E+00  -0.12774E+00  -0.76640E-01  -0.25546E-01   0.25545E-01   0.76639E-01   0.12774E+00   0.17885E+00   0.22998E+00   0.28113E+00   0.33231E+00   0.38351E+00   0.43473E+00   0.48599E+00   0.53728E+00   0.58860E+00   0.63995E+00   0.69133E+00   0.74273E+00   0.79416E+00   0.84560E+00   0.89706E+00   0.94853E+00   0.10000E+01
  -0.10000E+01  -0.94853E+00  -0.89707E+00  -0.84561E+00  -0.79417E+00  -0.74275E+00  -0.69135E+00  -0.63997E+00  -0.58863E+00  -0.53731E+00  -0.48602E+00  -0.43476E+00  -0.38353E+00  -0.33233E+00  -0.28115E+00  -0.23000E+00  -0.17887E+00  -0.12775E+00  -0.76645E-01  -0.25548E-01   0.25547E-01   0.76644E-01   0.12775E+00   0.17886E+00   0.23000E+00   0.28115E+00   0.33233E+00   0.38353E+00   0.43476E+00   0.48602E+00   0.53731E+00   0.58863E+00   0.63997E+00   0.69135E+00   0.74275E+00   0.79417E+00   0.84561E+00   0.89707E+00   0.94853E+00   0.10000E+01
  -0.10000E+01  -0.94854E+00  -0.89708E+00  -0.84563E+00  -0.79419E+00  -0.74277E+00  -0.69138E+00  -0.64000E+00  -0.58866E+00  -0.53734E+00  -0.48605E+00  -0.43479E+00  -0.38356E+00  -0.33235E+00  -0.28117E+00  -0.23002E+00  -0.17888E+00  -0.12776E+00  -0.76653E-01  -0.25550E-01   0.25549E-01   0.76651E-01   0.12776E+00   0.17888E+00   0.23002E+00   0.28117E+00   0.33235E+00   0.38356E+00   0.43479E+00   0.48605E+00   0.53734E+00   0.58866E+00   0.64000E+00   0.69138E+00   0.74277E+00   0.79419E+00   0.84563E+00   0.89708E+00   0.94854E+00   0.10000E+01
  -0.10000E+01  -0.94854E+00  -0.89709E+00  -0.84565E+00  -0.79421E+00  -0.74280E+00  -0.69141E+00  -0.64004E+00  -0.58869E+00  -0.53738E+00  -0.48609E+00  -0.43483E+00  -0.38359E+00  -0.33239E+00  -0.28120E+00  -0.23004E+00  -0.17890E+00  -0.12778E+00  -0.76662E-01  -0.25554E-01   0.25552E-01   0.76661E-01   0.12778E+00   0.17890E+00   0.23004E+00   0.28120E+00   0.33239E+00   0.38359E+00   0.43482E+00   0.48609E+00   0.53737E+00   0.58869E+00   0.64004E+00   0.69141E+00   0.74280E+00   0.79421E+00   0.84565E+00   0.89709E+00   0.94854E+00   0.10000E+01
  -0.10000E+01  -0.94855E+00  -0.89710E+00  -0.84567E+00  -0.79424E+00  -0.74283E+00  -0.69144E+00  -0.64008E+00  -0.58874E+00  -0.53742E+00  -0.48613E+00  -0.43487E+00  -0.38363E+00  -0.33243E+00  -0.28124E+00  -0.23007E+00  -0.17893E+00  -0.12779E+00  -0.76673E-01  -0.25557E-01   0.25556E-01   0.76671E-01   0.12779E+00   0.17893E+00   0.23007E+00   0.28124E+00   0.33242E+00   0.38363E+00   0.43487E+00   0.48613E+00   0.53742E+00   0.58874E+00   0.64008E+00   0.69144E+00   0.74283E+00   0.79424E+00   0.84567E+00   0.89710E+00   0.94855E+00   0.10000E+01
  -0.10000E+01  -0.94856E+00  -0.89712E+00  -0.84569E+00  -0.79427E+00  -0.74287E+00  -0.69149E+00  -0.64013E+00  -0.58879E+00  -0.53747E+00  -0.48618E+00  -0.43492E+00  -0.38368E+00  -0.33247E+00  -0.28128E+00  -0.23011E+00  -0.17895E+00  -0.12781E+00  -0.76685E-01  -0.25561E-01   0.25560E-01   0.76684E-01   0.12781E+00   0.17895E+00   0.23011E+00   0.28128E+00   0.33247E+00   0.38368E+00   0.43492E+00   0.48618E+00   0.53747E+00   0.58879E+00   0.64012E+00   0.69149E+00   0.74287E+00   0.79427E+00   0.84569E+00   0.89712E+00   0.94856E+00   0.10000E+01
  -0.10000E+01  -0.94857E+00  -0.89714E+00  -0.84572E+00  -0.79431E+00  -0.74291E+00  -0.69154E+00  -0.64018E+00  -0.58884E+00  -0.53753E+00  -0.48624E+00  -0.43498E+00  -0.38374E+00  -0.33252E+00  -0.28132E+00  -0.23015E+00  -0.17899E+00  -0.12784E+00  -0.76699E-01  -0.25566E-01   0.25565E-01   0.76698E-01   0.12784E+00   0.17899E+00   0.23015E+00   0.28132E+00   0.33252E+00   0.38374E+00   0.43498E+00   0.48624E+00   0.53753E+00   0.58884E+00   0.64018E+00   0.69154E+00   0.74291E+00   0.79431E+00   0.84572E+00   0.89714E+00   0.94857E+00   0.10000E+01
  -0.10000E+01  -0.94858E+00  -0.89716E+00  -0.84575E+00  -0.79435E+00  -0.74296E+00  -0.69159E+00  -0.64024E+00  -0.58890E+00  -0.53759E+00  -0.48631E+00  -0.43504E+00  -0.38380E+00  -0.33258E+00  -0.28138E+00  -0.23019E+00  -0.17902E+00  -0.12786E+00  -0.76715E-01  -0.25571E-01   0.25570E-01   0.76713E-01   0.12786E+00   0.17902E+00   0.23019E+00   0.28137E+00   0.33258E+00   0.38380E+00   0.43504E+00   0.48631E+00   0.53759E+00   0.58890E+00   0.64024E+00   0.69159E+00   0.74296E+00   0.79435E+00   0.84575E+00   0.89716E+00   0.94858E+00   0.10000E+01
  -0.10000E+01  -0.94859E+00  -0.89718E+00  -0.84578E+00  -0.79439E+00  -0.74301E+00  -0.69165E+00  -0.64030E+00  -0.58897E+00  -0.53766E+00  -0.48638E+00  -0.43511E+00  -0.38386E+00  -0.33264E+00  -0.28143E+00  -0.23024E+00  -0.17906E+00  -0.12789E+00  -0.76732E-01  -0.25577E-01   0.25576E-01   0.76730E-01   0.12789E+00   0.17906E+00   0.23024E+00   0.28143E+00   0.33264E+00   0.38386E+00   0.43511E+00   0.48638E+00   0.53766E+00   0.58897E+00   0.64030E+00   0.69165E+00   0.74301E+00   0.79439E+00   0.84578E+00   0.89718E+00   0.94859E+00   0.10000E+01
  -0.10000E+01  -0.94860E+00  -0.89721E+00  -0.84582E+00  -0.79443E+00  -0.74307E+00  -0.69171E+00  -0.64037E+00  -0.58904E+00  -0.53774E+00  -0.48645E+00  -0.43518E+00  -0.38394E+00  -0.33270E+00  -0.28149E+00  -0.23029E+00  -0.17910E+00  -0.12792E+00  -0.76750E-01  -0.25583E-01   0.25582E-01   0.76748E-01   0.12792E+00   0.17910E+00   0.23029E+00   0.28149E+00   0.33270E+00   0.38393E+00   0.43518E+00   0.48645E+00   0.53774E+00   0.58904E+00   0.64037E+00   0.69171E+00   0.74306E+00   0.79443E+00   0.84582E+00   0.89721E+00   0.94860E+00   0.10000E+01
  -0.10000E+01  -0.94861E+00  -0.89723E+00  -0.84585E+00  -0.79448E+00  -0.74312E+00  -0.69178E+00  -0.64044E+00  -0.58912E+00  -0.53782E+00  -0.48653E+00  -0.43526E+00  -0.38401E+00  -0.33277E+00  -0.28155E+00  -0.23034E+00  -0.17914E+00  -0.12795E+00  -0.76769E-01  -0.25590E-01   0.25588E-01   0.76767E-01   0.12795E+00   0.17914E+00   0.23034E+00   0.28155E+00   0.33277E+00   0.38401E+00   0.43526E+00   0.48653E+00   0.53782E+00   0.58912E+00   0.64044E+00   0.69177E+00   0.74312E+00   0.79448E+00   0.84585E+00   0.89723E+00   0.94861E+00   0.10000E+01
  -0.10000E+01  -0.94863E+00  -0.89726E+00  -0.84589E+00  -0.79453E+00  -0.74318E+00  -0.69184E+00  -0.64052E+00  -0.58920E+00  -0.53790E+00  -0.48662E+00  -0.43535E+00  -0.38409E+00  -0.33285E+00  -0.28162E+00  -0.23040E+00  -0.17919E+00  -0.12799E+00  -0.76789E-01  -0.25597E-01   0.25595E-01   0.76787E-01   0.12798E+00   0.17919E+00   0.23040E+00   0.28161E+00   0.33284E+00   0.38409E+00   0.43534E+00   0.48662E+00   0.53790E+00   0.58920E+00   0.64052E+00   0.69184E+00   0.74318E+00   0.79453E+00   0.84589E+00   0.89726E+00   0.94863E+00   0.10000E+01
  -0.10000E+01  -0.94864E+00  -0.89729E+00  -0.84593E+00  -0.79459E+00  -0.74325E+00  -0.69192E+00  -0.64060E+00  -0.58929E+00  -0.53799E+00  -0.48671E+00  -0.43543E+00  -0.38417E+00  -0.33292E+00  -0.28168E+00  -0.23046E+00  -0.17923E+00  -0.12802E+00  -0.76810E-01  -0.25604E-01   0.25602E-01   0.76809E-01   0.12802E+00   0.17923E+00   0.23045E+00   0.28168E+00   0.33292E+00   0.38417E+00   0.43543E+00   0.48670E+00   0.53799E+00   0.58929E+00   0.64060E+00   0.69192E+00   0.74325E+00   0.79459E+00   0.84593E+00   0.89729E+00   0.94864E+00   0.10000E+01
  -0.10000E+01  -0.94866E+00  -0.89731E+00  -0.84598E+00  -0.79464E+00  -0.74331E+00  -0.69199E+00  -0.64068E+00  -0.58938E+00  -0.53808E+00  -0.48680E+00  -0.43552E+00  -0.38426E+00  -0.33300E+00  -0.28175E+00  -0.23052E+00  -0.17928E+00  -0.12806E+00  -0.76832E-01  -0.25611E-01   0.25609E-01   0.76830E-01   0.12805E+00   0.17928E+00   0.23051E+00   0.28175E+00   0.33300E+00   0.38426E+00   0.43552E+00   0.48680E+00   0.53808E+00   0.58937E+00   0.64068E+00   0.69199E+00   0.74331E+00   0.79464E+00   0.84597E+00   0.89731E+00   0.94866E+00   0.10000E+01
  -0.10000E+01  -0.94867E+00  -0.89734E+00  -0.84602E+00  -0.79470E+00  -0.74338E+00  -0.69207E+00  -0.64076E+00  -0.58947E+00  -0.53817E+00  -0.48689E+00  -0.43561E+00  -0.38434E+00  -0.33308E+00  -0.28183E+00  -0.23058E+00  -0.17933E+00  -0.12809E+00  -0.76855E-01  -0.25619E-01   0.25617E-01   0.76853E-01   0.12809E+00   0.17933E+00   0.23058E+00   0.28183E+00   0.33308E+00   0.38434E+00   0.43561E+00   0.48689E+00   0.53817E+00   0.58946E+00   0.64076E+00   0.69207E+00   0.74338E+00   0.79470E+00   0.84602E+00   0.89734E+00   0.94867E+00   0.10000E+01
  -0.10000E+01  -0.94869E+00  -0.89737E+00  -0.84606E+00  -0.79476E+00  -0.74345E+00  -0.69215E+00  -0.64085E+00  -0.58956E+00  -0.53827E+00  -0.48699E+00  -0.43571E+00  -0.38443E+00  -0.33317E+00  -0.28190E+00  -0.23064E+00  -0.17938E+00  -0.12813E+00  -0.76878E-01  -0.25626E-01   0.25624E-01   0.76875E-01   0.12813E+00   0.17938E+00   0.23064E+00   0.28190E+00   0.33316E+00   0.38443E+00   0.43571E+00   0.48698E+00   0.53827E+00   0.58956E+00   0.64085E+00   0.69215E+00   0.74345E+00   0.79475E+00   0.84606E+00   0.89737E+00   0.94869E+00   0.10000E+01
  -0.10000E+01  -0.94870E+00  -0.89741E+00  -0.84611E+00  -0.79481E+00  -0.74352E+00  -0.69223E+00  -0.64094E+00  -0.58965E+00  -0.53837E+00  -0.48708E+00  -0.43580E+00  -0.38452E+00  -0.33325E+00  -0.28198E+00  -0.23071E+00  -0.17944E+00  -0.12817E+00  -0.76901E-01  -0.25634E-01   0.25632E-01   0.76899E-01   0.12817E+00   0.17943E+00   0.23070E+00   0.28197E+00   0.33325E+00   0.38452E+00   0.43580E+00   0.48708E+00   0.53836E+00   0.58965E+00   0.64094E+00   0.69223E+00   0.74352E+00   0.79481E+00   0.84611E+00   0.89740E+00   0.94870E+00   0.10000E+01
  -0.10000E+01  -0.94872E+00  -0.89744E+00  -0.84615E+00  -0.79487E+00  -0.74359E+00  -0.69231E+00  -0.64103E+00  -0.58974E+00  -0.53846E+00  -0.48718E+00  -0.43590E+00  -0.38462E+00  -0.33333E+00  -0.28205E+00  -0.23077E+00  -0.17949E+00  -0.12821E+00  -0.76924E-01  -0.25642E-01   0.25640E-01   0.76922E-01   0.12820E+00   0.17949E+00   0.23077E+00   0.28205E+00   0.33333E+00   0.38461E+00   0.43590E+00   0.48718E+00   0.53846E+00   0.58974E+00   0.64102E+00   0.69231E+00   0.74359E+00   0.79487E+00   0.84615E+00   0.89743E+00   0.94872E+00   0.10000E+01
