 0.10000E-02 0.81940E-39
 0.20000E-02 0.14915E-38
 0.30000E-02 0.27096E-38
 0.40000E-02 0.49126E-38
 0.50000E-02 0.88890E-38
 0.60000E-02 0.16052E-37
 0.70000E-02 0.28928E-37
 0.80000E-02 0.52030E-37
 0.90000E-02 0.93392E-37
 0.10000E-01 0.16730E-36
 0.11000E-01 0.29911E-36
 0.12000E-01 0.53369E-36
 0.13000E-01 0.95032E-36
 0.14000E-01 0.16889E-35
 0.15000E-01 0.29953E-35
 0.16000E-01 0.53018E-35
 0.17000E-01 0.93657E-35
 0.18000E-01 0.16511E-34
 0.19000E-01 0.29051E-34
 0.20000E-01 0.51012E-34
 0.21000E-01 0.89395E-34
 0.22000E-01 0.15634E-33
 0.23000E-01 0.27289E-33
 0.24000E-01 0.47535E-33
 0.25000E-01 0.82638E-33
 0.26000E-01 0.14338E-32
 0.27000E-01 0.24826E-32
 0.28000E-01 0.42901E-32
 0.29000E-01 0.73987E-32
 0.30000E-01 0.12734E-31
 0.31000E-01 0.21874E-31
 0.32000E-01 0.37498E-31
 0.33000E-01 0.64155E-31
 0.34000E-01 0.10954E-30
 0.35000E-01 0.18666E-30
 0.36000E-01 0.31744E-30
 0.37000E-01 0.53878E-30
 0.38000E-01 0.91260E-30
 0.39000E-01 0.15427E-29
 0.40000E-01 0.26027E-29
 0.41000E-01 0.43821E-29
 0.42000E-01 0.73636E-29
 0.43000E-01 0.12349E-28
 0.44000E-01 0.20667E-28
 0.45000E-01 0.34520E-28
 0.46000E-01 0.57545E-28
 0.47000E-01 0.95732E-28
 0.48000E-01 0.15894E-27
 0.49000E-01 0.26337E-27
 0.50000E-01 0.43552E-27
 0.51000E-01 0.71878E-27
 0.52000E-01 0.11839E-26
 0.53000E-01 0.19460E-26
 0.54000E-01 0.31925E-26
 0.55000E-01 0.52268E-26
 0.56000E-01 0.85403E-26
 0.57000E-01 0.13926E-25
 0.58000E-01 0.22664E-25
 0.59000E-01 0.36811E-25
 0.60000E-01 0.59668E-25
 0.61000E-01 0.96524E-25
 0.62000E-01 0.15583E-24
 0.63000E-01 0.25109E-24
 0.64000E-01 0.40375E-24
 0.65000E-01 0.64794E-24
 0.66000E-01 0.10377E-23
 0.67000E-01 0.16587E-23
 0.68000E-01 0.26460E-23
 0.69000E-01 0.42124E-23
 0.70000E-01 0.66928E-23
 0.71000E-01 0.10613E-22
 0.72000E-01 0.16794E-22
 0.73000E-01 0.26524E-22
 0.74000E-01 0.41806E-22
 0.75000E-01 0.65761E-22
 0.76000E-01 0.10324E-21
 0.77000E-01 0.16175E-21
 0.78000E-01 0.25291E-21
 0.79000E-01 0.39467E-21
 0.80000E-01 0.61464E-21
 0.81000E-01 0.95531E-21
 0.82000E-01 0.14818E-20
 0.83000E-01 0.22940E-20
 0.84000E-01 0.35441E-20
 0.85000E-01 0.54646E-20
 0.86000E-01 0.84089E-20
 0.87000E-01 0.12914E-19
 0.88000E-01 0.19792E-19
 0.89000E-01 0.30274E-19
 0.90000E-01 0.46214E-19
 0.91000E-01 0.70406E-19
 0.92000E-01 0.10705E-18
 0.93000E-01 0.16244E-18
 0.94000E-01 0.24599E-18
 0.95000E-01 0.37177E-18
 0.96000E-01 0.56075E-18
 0.97000E-01 0.84411E-18
 0.98000E-01 0.12681E-17
 0.99000E-01 0.19013E-17
 0.10000E+00 0.28449E-17
 0.10100E+00 0.42483E-17
 0.10200E+00 0.63315E-17
 0.10300E+00 0.94171E-17
 0.10400E+00 0.13979E-16
 0.10500E+00 0.20708E-16
 0.10600E+00 0.30616E-16
 0.10700E+00 0.45174E-16
 0.10800E+00 0.66522E-16
 0.10900E+00 0.97761E-16
 0.11000E+00 0.14338E-15
 0.11100E+00 0.20988E-15
 0.11200E+00 0.30659E-15
 0.11300E+00 0.44699E-15
 0.11400E+00 0.65036E-15
 0.11500E+00 0.94438E-15
 0.11600E+00 0.13686E-14
 0.11700E+00 0.19794E-14
 0.11800E+00 0.28570E-14
 0.11900E+00 0.41155E-14
 0.12000E+00 0.59167E-14
 0.12100E+00 0.84890E-14
 0.12200E+00 0.12155E-13
 0.12300E+00 0.17371E-13
 0.12400E+00 0.24773E-13
 0.12500E+00 0.35261E-13
 0.12600E+00 0.50088E-13
 0.12700E+00 0.71007E-13
 0.12800E+00 0.10046E-12
 0.12900E+00 0.14185E-12
 0.13000E+00 0.19989E-12
 0.13100E+00 0.28112E-12
 0.13200E+00 0.39456E-12
 0.13300E+00 0.55268E-12
 0.13400E+00 0.77261E-12
 0.13500E+00 0.10779E-11
 0.13600E+00 0.15008E-11
 0.13700E+00 0.20855E-11
 0.13800E+00 0.28922E-11
 0.13900E+00 0.40029E-11
 0.14000E+00 0.55291E-11
 0.14100E+00 0.76218E-11
 0.14200E+00 0.10486E-10
 0.14300E+00 0.14397E-10
 0.14400E+00 0.19728E-10
 0.14500E+00 0.26978E-10
 0.14600E+00 0.36819E-10
 0.14700E+00 0.50150E-10
 0.14800E+00 0.68171E-10
 0.14900E+00 0.92482E-10
 0.15000E+00 0.12521E-09
 0.15100E+00 0.16919E-09
 0.15200E+00 0.22815E-09
 0.15300E+00 0.30705E-09
 0.15400E+00 0.41241E-09
 0.15500E+00 0.55281E-09
 0.15600E+00 0.73953E-09
 0.15700E+00 0.98734E-09
 0.15800E+00 0.13156E-08
 0.15900E+00 0.17494E-08
 0.16000E+00 0.23216E-08
 0.16100E+00 0.30749E-08
 0.16200E+00 0.40644E-08
 0.16300E+00 0.53616E-08
 0.16400E+00 0.70587E-08
 0.16500E+00 0.92745E-08
 0.16600E+00 0.12161E-07
 0.16700E+00 0.15915E-07
 0.16800E+00 0.20786E-07
 0.16900E+00 0.27093E-07
 0.17000E+00 0.35243E-07
 0.17100E+00 0.45753E-07
 0.17200E+00 0.59279E-07
 0.17300E+00 0.76651E-07
 0.17400E+00 0.98916E-07
 0.17500E+00 0.12739E-06
 0.17600E+00 0.16374E-06
 0.17700E+00 0.21003E-06
 0.17800E+00 0.26888E-06
 0.17900E+00 0.34353E-06
 0.18000E+00 0.43802E-06
 0.18100E+00 0.55739E-06
 0.18200E+00 0.70787E-06
 0.18300E+00 0.89719E-06
 0.18400E+00 0.11349E-05
 0.18500E+00 0.14326E-05
 0.18600E+00 0.18049E-05
 0.18700E+00 0.22694E-05
 0.18800E+00 0.28477E-05
 0.18900E+00 0.35662E-05
 0.19000E+00 0.44572E-05
 0.19100E+00 0.55595E-05
 0.19200E+00 0.69207E-05
 0.19300E+00 0.85978E-05
 0.19400E+00 0.10660E-04
 0.19500E+00 0.13191E-04
 0.19600E+00 0.16289E-04
 0.19700E+00 0.20076E-04
 0.19800E+00 0.24693E-04
 0.19900E+00 0.30311E-04
 0.20000E+00 0.37133E-04
 0.20100E+00 0.45400E-04
 0.20200E+00 0.55396E-04
 0.20300E+00 0.67458E-04
 0.20400E+00 0.81983E-04
 0.20500E+00 0.99436E-04
 0.20600E+00 0.12036E-03
 0.20700E+00 0.14540E-03
 0.20800E+00 0.17530E-03
 0.20900E+00 0.21093E-03
 0.21000E+00 0.25328E-03
 0.21100E+00 0.30354E-03
 0.21200E+00 0.36304E-03
 0.21300E+00 0.43333E-03
 0.21400E+00 0.51621E-03
 0.21500E+00 0.61370E-03
 0.21600E+00 0.72815E-03
 0.21700E+00 0.86222E-03
 0.21800E+00 0.10189E-02
 0.21900E+00 0.12017E-02
 0.22000E+00 0.14145E-02
 0.22100E+00 0.16616E-02
 0.22200E+00 0.19479E-02
 0.22300E+00 0.22790E-02
 0.22400E+00 0.26611E-02
 0.22500E+00 0.31011E-02
 0.22600E+00 0.36066E-02
 0.22700E+00 0.41860E-02
 0.22800E+00 0.48489E-02
 0.22900E+00 0.56055E-02
 0.23000E+00 0.64673E-02
 0.23100E+00 0.74466E-02
 0.23200E+00 0.85570E-02
 0.23300E+00 0.98135E-02
 0.23400E+00 0.11232E-01
 0.23500E+00 0.12830E-01
 0.23600E+00 0.14625E-01
 0.23700E+00 0.16639E-01
 0.23800E+00 0.18892E-01
 0.23900E+00 0.21408E-01
 0.24000E+00 0.24210E-01
 0.24100E+00 0.27324E-01
 0.24200E+00 0.30777E-01
 0.24300E+00 0.34597E-01
 0.24400E+00 0.38813E-01
 0.24500E+00 0.43456E-01
 0.24600E+00 0.48558E-01
 0.24700E+00 0.54150E-01
 0.24800E+00 0.60265E-01
 0.24900E+00 0.66937E-01
 0.25000E+00 0.74199E-01
 0.25100E+00 0.82085E-01
 0.25200E+00 0.90627E-01
 0.25300E+00 0.99859E-01
 0.25400E+00 0.10981E+00
 0.25500E+00 0.12051E+00
 0.25600E+00 0.13199E+00
 0.25700E+00 0.14428E+00
 0.25800E+00 0.15739E+00
 0.25900E+00 0.17136E+00
 0.26000E+00 0.18619E+00
 0.26100E+00 0.20190E+00
 0.26200E+00 0.21849E+00
 0.26300E+00 0.23598E+00
 0.26400E+00 0.25436E+00
 0.26500E+00 0.27362E+00
 0.26600E+00 0.29376E+00
 0.26700E+00 0.31474E+00
 0.26800E+00 0.33655E+00
 0.26900E+00 0.35916E+00
 0.27000E+00 0.38251E+00
 0.27100E+00 0.40657E+00
 0.27200E+00 0.43128E+00
 0.27300E+00 0.45658E+00
 0.27400E+00 0.48239E+00
 0.27500E+00 0.50865E+00
 0.27600E+00 0.53526E+00
 0.27700E+00 0.56214E+00
 0.27800E+00 0.58919E+00
 0.27900E+00 0.61631E+00
 0.28000E+00 0.64339E+00
 0.28100E+00 0.67032E+00
 0.28200E+00 0.69698E+00
 0.28300E+00 0.72325E+00
 0.28400E+00 0.74901E+00
 0.28500E+00 0.77414E+00
 0.28600E+00 0.79852E+00
 0.28700E+00 0.82201E+00
 0.28800E+00 0.84451E+00
 0.28900E+00 0.86589E+00
 0.29000E+00 0.88603E+00
 0.29100E+00 0.90484E+00
 0.29200E+00 0.92219E+00
 0.29300E+00 0.93801E+00
 0.29400E+00 0.95218E+00
 0.29500E+00 0.96464E+00
 0.29600E+00 0.97531E+00
 0.29700E+00 0.98413E+00
 0.29800E+00 0.99104E+00
 0.29900E+00 0.99601E+00
 0.30000E+00 0.99900E+00
 0.30100E+00 0.10000E+01
 0.30200E+00 0.99900E+00
 0.30300E+00 0.99601E+00
 0.30400E+00 0.99104E+00
 0.30500E+00 0.98413E+00
 0.30600E+00 0.97531E+00
 0.30700E+00 0.96464E+00
 0.30800E+00 0.95218E+00
 0.30900E+00 0.93800E+00
 0.31000E+00 0.92219E+00
 0.31100E+00 0.90484E+00
 0.31200E+00 0.88603E+00
 0.31300E+00 0.86589E+00
 0.31400E+00 0.84451E+00
 0.31500E+00 0.82201E+00
 0.31600E+00 0.79852E+00
 0.31700E+00 0.77414E+00
 0.31800E+00 0.74901E+00
 0.31900E+00 0.72325E+00
 0.32000E+00 0.69698E+00
 0.32100E+00 0.67032E+00
 0.32200E+00 0.64339E+00
 0.32300E+00 0.61631E+00
 0.32400E+00 0.58919E+00
 0.32500E+00 0.56214E+00
 0.32600E+00 0.53526E+00
 0.32700E+00 0.50865E+00
 0.32800E+00 0.48239E+00
 0.32900E+00 0.45658E+00
 0.33000E+00 0.43128E+00
 0.33100E+00 0.40657E+00
 0.33200E+00 0.38251E+00
 0.33300E+00 0.35916E+00
 0.33400E+00 0.33655E+00
 0.33500E+00 0.31474E+00
 0.33600E+00 0.29376E+00
 0.33700E+00 0.27362E+00
 0.33800E+00 0.25436E+00
 0.33900E+00 0.23598E+00
 0.34000E+00 0.21849E+00
 0.34100E+00 0.20190E+00
 0.34200E+00 0.18619E+00
 0.34300E+00 0.17136E+00
 0.34400E+00 0.15739E+00
 0.34500E+00 0.14428E+00
 0.34600E+00 0.13199E+00
 0.34700E+00 0.12051E+00
 0.34800E+00 0.10981E+00
 0.34900E+00 0.99859E-01
 0.35000E+00 0.90627E-01
 0.35100E+00 0.82085E-01
 0.35200E+00 0.74199E-01
 0.35300E+00 0.66937E-01
 0.35400E+00 0.60265E-01
 0.35500E+00 0.54150E-01
 0.35600E+00 0.48558E-01
 0.35700E+00 0.43456E-01
 0.35800E+00 0.38813E-01
 0.35900E+00 0.34597E-01
 0.36000E+00 0.30777E-01
 0.36100E+00 0.27324E-01
 0.36200E+00 0.24210E-01
 0.36300E+00 0.21408E-01
 0.36400E+00 0.18892E-01
 0.36500E+00 0.16639E-01
 0.36600E+00 0.14625E-01
 0.36700E+00 0.12830E-01
 0.36800E+00 0.11232E-01
 0.36900E+00 0.98134E-02
 0.37000E+00 0.85570E-02
 0.37100E+00 0.74466E-02
 0.37200E+00 0.64673E-02
 0.37300E+00 0.56055E-02
 0.37400E+00 0.48489E-02
 0.37500E+00 0.41860E-02
 0.37600E+00 0.36066E-02
 0.37700E+00 0.31011E-02
 0.37800E+00 0.26611E-02
 0.37900E+00 0.22790E-02
 0.38000E+00 0.19479E-02
 0.38100E+00 0.16616E-02
 0.38200E+00 0.14145E-02
 0.38300E+00 0.12017E-02
 0.38400E+00 0.10189E-02
 0.38500E+00 0.86222E-03
 0.38600E+00 0.72815E-03
 0.38700E+00 0.61370E-03
 0.38800E+00 0.51621E-03
 0.38900E+00 0.43333E-03
 0.39000E+00 0.36304E-03
 0.39100E+00 0.30354E-03
 0.39200E+00 0.25328E-03
 0.39300E+00 0.21093E-03
 0.39400E+00 0.17530E-03
 0.39500E+00 0.14540E-03
 0.39600E+00 0.12036E-03
 0.39700E+00 0.99435E-04
 0.39800E+00 0.81983E-04
 0.39900E+00 0.67458E-04
 0.40000E+00 0.55396E-04
 0.40100E+00 0.45400E-04
 0.40200E+00 0.37133E-04
 0.40300E+00 0.30311E-04
 0.40400E+00 0.24693E-04
 0.40500E+00 0.20076E-04
 0.40600E+00 0.16289E-04
 0.40700E+00 0.13191E-04
 0.40800E+00 0.10660E-04
 0.40900E+00 0.85978E-05
 0.41000E+00 0.69207E-05
 0.41100E+00 0.55595E-05
 0.41200E+00 0.44572E-05
 0.41300E+00 0.35662E-05
 0.41400E+00 0.28477E-05
 0.41500E+00 0.22694E-05
 0.41600E+00 0.18049E-05
 0.41700E+00 0.14326E-05
 0.41800E+00 0.11349E-05
 0.41900E+00 0.89719E-06
 0.42000E+00 0.70787E-06
 0.42100E+00 0.55739E-06
 0.42200E+00 0.43802E-06
 0.42300E+00 0.34353E-06
 0.42400E+00 0.26888E-06
 0.42500E+00 0.21003E-06
 0.42600E+00 0.16374E-06
 0.42700E+00 0.12739E-06
 0.42800E+00 0.98916E-07
 0.42900E+00 0.76651E-07
 0.43000E+00 0.59279E-07
 0.43100E+00 0.45753E-07
 0.43200E+00 0.35243E-07
 0.43300E+00 0.27093E-07
 0.43400E+00 0.20786E-07
 0.43500E+00 0.15915E-07
 0.43600E+00 0.12161E-07
 0.43700E+00 0.92745E-08
 0.43800E+00 0.70588E-08
 0.43900E+00 0.53616E-08
 0.44000E+00 0.40644E-08
 0.44100E+00 0.30749E-08
 0.44200E+00 0.23216E-08
 0.44300E+00 0.17494E-08
 0.44400E+00 0.13156E-08
 0.44500E+00 0.98734E-09
 0.44600E+00 0.73953E-09
 0.44700E+00 0.55281E-09
 0.44800E+00 0.41241E-09
 0.44900E+00 0.30705E-09
 0.45000E+00 0.22815E-09
 0.45100E+00 0.16919E-09
 0.45200E+00 0.12521E-09
 0.45300E+00 0.92482E-10
 0.45400E+00 0.68171E-10
 0.45500E+00 0.50150E-10
 0.45600E+00 0.36819E-10
 0.45700E+00 0.26978E-10
 0.45800E+00 0.19728E-10
 0.45900E+00 0.14397E-10
 0.46000E+00 0.10486E-10
 0.46100E+00 0.76219E-11
 0.46200E+00 0.55291E-11
 0.46300E+00 0.40029E-11
 0.46400E+00 0.28922E-11
 0.46500E+00 0.20855E-11
 0.46600E+00 0.15008E-11
 0.46700E+00 0.10779E-11
 0.46800E+00 0.77261E-12
 0.46900E+00 0.55268E-12
 0.47000E+00 0.39456E-12
 0.47100E+00 0.28112E-12
 0.47200E+00 0.19989E-12
 0.47300E+00 0.14185E-12
 0.47400E+00 0.10046E-12
 0.47500E+00 0.71006E-13
 0.47600E+00 0.50088E-13
 0.47700E+00 0.35261E-13
 0.47800E+00 0.24773E-13
 0.47900E+00 0.17371E-13
 0.48000E+00 0.12155E-13
 0.48100E+00 0.84890E-14
 0.48200E+00 0.59166E-14
 0.48300E+00 0.41155E-14
 0.48400E+00 0.28570E-14
 0.48500E+00 0.19794E-14
 0.48600E+00 0.13686E-14
 0.48700E+00 0.94438E-15
 0.48800E+00 0.65036E-15
 0.48900E+00 0.44698E-15
 0.49000E+00 0.30659E-15
 0.49100E+00 0.20988E-15
 0.49200E+00 0.14338E-15
 0.49300E+00 0.97761E-16
 0.49400E+00 0.66521E-16
 0.49500E+00 0.45174E-16
 0.49600E+00 0.30616E-16
 0.49700E+00 0.20708E-16
 0.49800E+00 0.13979E-16
 0.49900E+00 0.94171E-17
 0.50000E+00 0.63315E-17
 0.50100E+00 0.42484E-17
 0.50200E+00 0.28449E-17
 0.50300E+00 0.19013E-17
 0.50400E+00 0.12681E-17
 0.50500E+00 0.84411E-18
 0.50600E+00 0.56076E-18
 0.50700E+00 0.37177E-18
 0.50800E+00 0.24599E-18
 0.50900E+00 0.16244E-18
 0.51000E+00 0.10705E-18
 0.51100E+00 0.70405E-19
 0.51200E+00 0.46214E-19
 0.51300E+00 0.30274E-19
 0.51400E+00 0.19792E-19
 0.51500E+00 0.12914E-19
 0.51600E+00 0.84088E-20
 0.51700E+00 0.54645E-20
 0.51800E+00 0.35441E-20
 0.51900E+00 0.22940E-20
 0.52000E+00 0.14818E-20
 0.52100E+00 0.95531E-21
 0.52200E+00 0.61464E-21
 0.52300E+00 0.39467E-21
 0.52400E+00 0.25291E-21
 0.52500E+00 0.16175E-21
 0.52600E+00 0.10324E-21
 0.52700E+00 0.65761E-22
 0.52800E+00 0.41806E-22
 0.52900E+00 0.26524E-22
 0.53000E+00 0.16794E-22
 0.53100E+00 0.10613E-22
 0.53200E+00 0.66928E-23
 0.53300E+00 0.42125E-23
 0.53400E+00 0.26459E-23
 0.53500E+00 0.16587E-23
 0.53600E+00 0.10377E-23
 0.53700E+00 0.64794E-24
 0.53800E+00 0.40375E-24
 0.53900E+00 0.25108E-24
 0.54000E+00 0.15583E-24
 0.54100E+00 0.96524E-25
 0.54200E+00 0.59668E-25
 0.54300E+00 0.36810E-25
 0.54400E+00 0.22664E-25
 0.54500E+00 0.13926E-25
 0.54600E+00 0.85403E-26
 0.54700E+00 0.52268E-26
 0.54800E+00 0.31924E-26
 0.54900E+00 0.19460E-26
 0.55000E+00 0.11839E-26
 0.55100E+00 0.71878E-27
 0.55200E+00 0.43553E-27
 0.55300E+00 0.26336E-27
 0.55400E+00 0.15894E-27
 0.55500E+00 0.95732E-28
 0.55600E+00 0.57545E-28
 0.55700E+00 0.34520E-28
 0.55800E+00 0.20667E-28
 0.55900E+00 0.12349E-28
 0.56000E+00 0.73636E-29
 0.56100E+00 0.43822E-29
 0.56200E+00 0.26027E-29
 0.56300E+00 0.15427E-29
 0.56400E+00 0.91260E-30
 0.56500E+00 0.53878E-30
 0.56600E+00 0.31745E-30
 0.56700E+00 0.18666E-30
 0.56800E+00 0.10954E-30
 0.56900E+00 0.64155E-31
 0.57000E+00 0.37499E-31
 0.57100E+00 0.21874E-31
 0.57200E+00 0.12734E-31
 0.57300E+00 0.73987E-32
 0.57400E+00 0.42901E-32
 0.57500E+00 0.24826E-32
 0.57600E+00 0.14337E-32
 0.57700E+00 0.82638E-33
 0.57800E+00 0.47535E-33
 0.57900E+00 0.27289E-33
 0.58000E+00 0.15634E-33
 0.58100E+00 0.89393E-34
 0.58200E+00 0.51012E-34
 0.58300E+00 0.29051E-34
 0.58400E+00 0.16512E-34
 0.58500E+00 0.93656E-35
 0.58600E+00 0.53018E-35
 0.58700E+00 0.29953E-35
 0.58800E+00 0.16889E-35
 0.58900E+00 0.95035E-36
 0.59000E+00 0.53368E-36
 0.59100E+00 0.29911E-36
 0.59200E+00 0.16730E-36
 0.59300E+00 0.93393E-37
 0.59400E+00 0.52029E-37
 0.59500E+00 0.28928E-37
 0.59600E+00 0.16052E-37
 0.59700E+00 0.88890E-38
 0.59800E+00 0.49127E-38
 0.59900E+00 0.27096E-38
 0.60000E+00 0.14915E-38
 0.60100E+00 0.81940E-39
 0.60200E+00 0.44925E-39
 0.60300E+00 0.24581E-39
 0.60400E+00 0.13423E-39
 0.60500E+00 0.73153E-40
 0.60600E+00 0.39788E-40
 0.60700E+00 0.21597E-40
 0.60800E+00 0.11699E-40
 0.60900E+00 0.63255E-41
 0.61000E+00 0.34136E-41
 0.61100E+00 0.18371E-41
 0.61200E+00 0.98792E-42
 0.61300E+00 0.52969E-42
 0.61400E+00 0.28306E-42
 0.61500E+00 0.15134E-42
 0.61600E+00 0.81275E-43
 0.61700E+00 0.43440E-43
 0.61800E+00 0.22421E-43
 0.61900E+00 0.12612E-43
 0.62000E+00 0.70065E-44
 0.62100E+00 0.28026E-44
 0.62200E+00 0.14013E-44
 0.62300E+00 0.14013E-44
 0.62400E+00 0.00000E+00
 0.62500E+00 0.00000E+00
 0.62600E+00 0.00000E+00
 0.62700E+00 0.00000E+00
 0.62800E+00 0.00000E+00
 0.62900E+00 0.00000E+00
 0.63000E+00 0.00000E+00
 0.63100E+00 0.00000E+00
 0.63200E+00 0.00000E+00
 0.63300E+00 0.00000E+00
 0.63400E+00 0.00000E+00
 0.63500E+00 0.00000E+00
 0.63600E+00 0.00000E+00
 0.63700E+00 0.00000E+00
 0.63800E+00 0.00000E+00
 0.63900E+00 0.00000E+00
 0.64000E+00 0.00000E+00
 0.64100E+00 0.00000E+00
 0.64200E+00 0.00000E+00
 0.64300E+00 0.00000E+00
 0.64400E+00 0.00000E+00
 0.64500E+00 0.00000E+00
 0.64600E+00 0.00000E+00
 0.64700E+00 0.00000E+00
 0.64800E+00 0.00000E+00
 0.64900E+00 0.00000E+00
 0.65000E+00 0.00000E+00
 0.65100E+00 0.00000E+00
 0.65200E+00 0.00000E+00
 0.65300E+00 0.00000E+00
 0.65400E+00 0.00000E+00
 0.65500E+00 0.00000E+00
 0.65600E+00 0.00000E+00
 0.65700E+00 0.00000E+00
 0.65800E+00 0.00000E+00
 0.65900E+00 0.00000E+00
 0.66000E+00 0.00000E+00
 0.66100E+00 0.00000E+00
 0.66200E+00 0.00000E+00
 0.66300E+00 0.00000E+00
 0.66400E+00 0.00000E+00
 0.66500E+00 0.00000E+00
 0.66600E+00 0.00000E+00
 0.66700E+00 0.00000E+00
 0.66800E+00 0.00000E+00
 0.66900E+00 0.00000E+00
 0.67000E+00 0.00000E+00
 0.67100E+00 0.00000E+00
 0.67200E+00 0.00000E+00
 0.67300E+00 0.00000E+00
 0.67400E+00 0.00000E+00
 0.67500E+00 0.00000E+00
 0.67600E+00 0.00000E+00
 0.67700E+00 0.00000E+00
 0.67800E+00 0.00000E+00
 0.67900E+00 0.00000E+00
 0.68000E+00 0.00000E+00
 0.68100E+00 0.00000E+00
 0.68200E+00 0.00000E+00
 0.68300E+00 0.00000E+00
 0.68400E+00 0.00000E+00
 0.68500E+00 0.00000E+00
 0.68600E+00 0.00000E+00
 0.68700E+00 0.00000E+00
 0.68800E+00 0.00000E+00
 0.68900E+00 0.00000E+00
 0.69000E+00 0.00000E+00
 0.69100E+00 0.00000E+00
 0.69200E+00 0.00000E+00
 0.69300E+00 0.00000E+00
 0.69400E+00 0.00000E+00
 0.69500E+00 0.00000E+00
 0.69600E+00 0.00000E+00
 0.69700E+00 0.00000E+00
 0.69800E+00 0.00000E+00
 0.69900E+00 0.00000E+00
 0.70000E+00 0.00000E+00
 0.70100E+00 0.00000E+00
 0.70200E+00 0.00000E+00
 0.70300E+00 0.00000E+00
 0.70400E+00 0.00000E+00
 0.70500E+00 0.00000E+00
 0.70600E+00 0.00000E+00
 0.70700E+00 0.00000E+00
 0.70800E+00 0.00000E+00
 0.70900E+00 0.00000E+00
 0.71000E+00 0.00000E+00
 0.71100E+00 0.00000E+00
 0.71200E+00 0.00000E+00
 0.71300E+00 0.00000E+00
 0.71400E+00 0.00000E+00
 0.71500E+00 0.00000E+00
 0.71600E+00 0.00000E+00
 0.71700E+00 0.00000E+00
 0.71800E+00 0.00000E+00
 0.71900E+00 0.00000E+00
 0.72000E+00 0.00000E+00
 0.72100E+00 0.00000E+00
 0.72200E+00 0.00000E+00
 0.72300E+00 0.00000E+00
 0.72400E+00 0.00000E+00
 0.72500E+00 0.00000E+00
 0.72600E+00 0.00000E+00
 0.72700E+00 0.00000E+00
 0.72800E+00 0.00000E+00
 0.72900E+00 0.00000E+00
 0.73000E+00 0.00000E+00
 0.73100E+00 0.00000E+00
 0.73200E+00 0.00000E+00
 0.73300E+00 0.00000E+00
 0.73400E+00 0.00000E+00
 0.73500E+00 0.00000E+00
 0.73600E+00 0.00000E+00
 0.73700E+00 0.00000E+00
 0.73800E+00 0.00000E+00
 0.73900E+00 0.00000E+00
 0.74000E+00 0.00000E+00
 0.74100E+00 0.00000E+00
 0.74200E+00 0.00000E+00
 0.74300E+00 0.00000E+00
 0.74400E+00 0.00000E+00
 0.74500E+00 0.00000E+00
 0.74600E+00 0.00000E+00
 0.74700E+00 0.00000E+00
 0.74800E+00 0.00000E+00
 0.74900E+00 0.00000E+00
 0.75000E+00 0.00000E+00
 0.75100E+00 0.00000E+00
 0.75200E+00 0.00000E+00
 0.75300E+00 0.00000E+00
 0.75400E+00 0.00000E+00
 0.75500E+00 0.00000E+00
 0.75600E+00 0.00000E+00
 0.75700E+00 0.00000E+00
 0.75800E+00 0.00000E+00
 0.75900E+00 0.00000E+00
 0.76000E+00 0.00000E+00
 0.76100E+00 0.00000E+00
 0.76200E+00 0.00000E+00
 0.76300E+00 0.00000E+00
 0.76400E+00 0.00000E+00
 0.76500E+00 0.00000E+00
 0.76600E+00 0.00000E+00
 0.76700E+00 0.00000E+00
 0.76800E+00 0.00000E+00
 0.76900E+00 0.00000E+00
 0.77000E+00 0.00000E+00
 0.77100E+00 0.00000E+00
 0.77200E+00 0.00000E+00
 0.77300E+00 0.00000E+00
 0.77400E+00 0.00000E+00
 0.77500E+00 0.00000E+00
 0.77600E+00 0.00000E+00
 0.77700E+00 0.00000E+00
 0.77800E+00 0.00000E+00
 0.77900E+00 0.00000E+00
 0.78000E+00 0.00000E+00
 0.78100E+00 0.00000E+00
 0.78200E+00 0.00000E+00
 0.78300E+00 0.00000E+00
 0.78400E+00 0.00000E+00
 0.78500E+00 0.00000E+00
 0.78600E+00 0.00000E+00
 0.78700E+00 0.00000E+00
 0.78800E+00 0.00000E+00
 0.78900E+00 0.00000E+00
 0.79000E+00 0.00000E+00
 0.79100E+00 0.00000E+00
 0.79200E+00 0.00000E+00
 0.79300E+00 0.00000E+00
 0.79400E+00 0.00000E+00
 0.79500E+00 0.00000E+00
 0.79600E+00 0.00000E+00
 0.79700E+00 0.00000E+00
 0.79800E+00 0.00000E+00
 0.79900E+00 0.00000E+00
 0.80000E+00 0.00000E+00
 0.80100E+00 0.00000E+00
 0.80200E+00 0.00000E+00
 0.80300E+00 0.00000E+00
 0.80400E+00 0.00000E+00
 0.80500E+00 0.00000E+00
 0.80600E+00 0.00000E+00
 0.80700E+00 0.00000E+00
 0.80800E+00 0.00000E+00
 0.80900E+00 0.00000E+00
 0.81000E+00 0.00000E+00
 0.81100E+00 0.00000E+00
 0.81200E+00 0.00000E+00
 0.81300E+00 0.00000E+00
 0.81400E+00 0.00000E+00
 0.81500E+00 0.00000E+00
 0.81600E+00 0.00000E+00
 0.81700E+00 0.00000E+00
 0.81800E+00 0.00000E+00
 0.81900E+00 0.00000E+00
 0.82000E+00 0.00000E+00
 0.82100E+00 0.00000E+00
 0.82200E+00 0.00000E+00
 0.82300E+00 0.00000E+00
 0.82400E+00 0.00000E+00
 0.82500E+00 0.00000E+00
 0.82600E+00 0.00000E+00
 0.82700E+00 0.00000E+00
 0.82800E+00 0.00000E+00
 0.82900E+00 0.00000E+00
 0.83000E+00 0.00000E+00
 0.83100E+00 0.00000E+00
 0.83200E+00 0.00000E+00
 0.83300E+00 0.00000E+00
 0.83400E+00 0.00000E+00
 0.83500E+00 0.00000E+00
 0.83600E+00 0.00000E+00
 0.83700E+00 0.00000E+00
 0.83800E+00 0.00000E+00
 0.83900E+00 0.00000E+00
 0.84000E+00 0.00000E+00
 0.84100E+00 0.00000E+00
 0.84200E+00 0.00000E+00
 0.84300E+00 0.00000E+00
 0.84400E+00 0.00000E+00
 0.84500E+00 0.00000E+00
 0.84600E+00 0.00000E+00
 0.84700E+00 0.00000E+00
 0.84800E+00 0.00000E+00
 0.84900E+00 0.00000E+00
 0.85000E+00 0.00000E+00
 0.85100E+00 0.00000E+00
 0.85200E+00 0.00000E+00
 0.85300E+00 0.00000E+00
 0.85400E+00 0.00000E+00
 0.85500E+00 0.00000E+00
 0.85600E+00 0.00000E+00
 0.85700E+00 0.00000E+00
 0.85800E+00 0.00000E+00
 0.85900E+00 0.00000E+00
 0.86000E+00 0.00000E+00
 0.86100E+00 0.00000E+00
 0.86200E+00 0.00000E+00
 0.86300E+00 0.00000E+00
 0.86400E+00 0.00000E+00
 0.86500E+00 0.00000E+00
 0.86600E+00 0.00000E+00
 0.86700E+00 0.00000E+00
 0.86800E+00 0.00000E+00
 0.86900E+00 0.00000E+00
 0.87000E+00 0.00000E+00
 0.87100E+00 0.00000E+00
 0.87200E+00 0.00000E+00
 0.87300E+00 0.00000E+00
 0.87400E+00 0.00000E+00
 0.87500E+00 0.00000E+00
 0.87600E+00 0.00000E+00
 0.87700E+00 0.00000E+00
 0.87800E+00 0.00000E+00
 0.87900E+00 0.00000E+00
 0.88000E+00 0.00000E+00
 0.88100E+00 0.00000E+00
 0.88200E+00 0.00000E+00
 0.88300E+00 0.00000E+00
 0.88400E+00 0.00000E+00
 0.88500E+00 0.00000E+00
 0.88600E+00 0.00000E+00
 0.88700E+00 0.00000E+00
 0.88800E+00 0.00000E+00
 0.88900E+00 0.00000E+00
 0.89000E+00 0.00000E+00
 0.89100E+00 0.00000E+00
 0.89200E+00 0.00000E+00
 0.89300E+00 0.00000E+00
 0.89400E+00 0.00000E+00
 0.89500E+00 0.00000E+00
 0.89600E+00 0.00000E+00
 0.89700E+00 0.00000E+00
 0.89800E+00 0.00000E+00
 0.89900E+00 0.00000E+00
 0.90000E+00 0.00000E+00
 0.90100E+00 0.00000E+00
 0.90200E+00 0.00000E+00
 0.90300E+00 0.00000E+00
 0.90400E+00 0.00000E+00
 0.90500E+00 0.00000E+00
 0.90600E+00 0.00000E+00
 0.90700E+00 0.00000E+00
 0.90800E+00 0.00000E+00
 0.90900E+00 0.00000E+00
 0.91000E+00 0.00000E+00
 0.91100E+00 0.00000E+00
 0.91200E+00 0.00000E+00
 0.91300E+00 0.00000E+00
 0.91400E+00 0.00000E+00
 0.91500E+00 0.00000E+00
 0.91600E+00 0.00000E+00
 0.91700E+00 0.00000E+00
 0.91800E+00 0.00000E+00
 0.91900E+00 0.00000E+00
 0.92000E+00 0.00000E+00
 0.92100E+00 0.00000E+00
 0.92200E+00 0.00000E+00
 0.92300E+00 0.00000E+00
 0.92400E+00 0.00000E+00
 0.92500E+00 0.00000E+00
 0.92600E+00 0.00000E+00
 0.92700E+00 0.00000E+00
 0.92800E+00 0.00000E+00
 0.92900E+00 0.00000E+00
 0.93000E+00 0.00000E+00
 0.93100E+00 0.00000E+00
 0.93200E+00 0.00000E+00
 0.93300E+00 0.00000E+00
 0.93400E+00 0.00000E+00
 0.93500E+00 0.00000E+00
 0.93600E+00 0.00000E+00
 0.93700E+00 0.00000E+00
 0.93800E+00 0.00000E+00
 0.93900E+00 0.00000E+00
 0.94000E+00 0.00000E+00
 0.94100E+00 0.00000E+00
 0.94200E+00 0.00000E+00
 0.94300E+00 0.00000E+00
 0.94400E+00 0.00000E+00
 0.94500E+00 0.00000E+00
 0.94600E+00 0.00000E+00
 0.94700E+00 0.00000E+00
 0.94800E+00 0.00000E+00
 0.94900E+00 0.00000E+00
 0.95000E+00 0.00000E+00
 0.95100E+00 0.00000E+00
 0.95200E+00 0.00000E+00
 0.95300E+00 0.00000E+00
 0.95400E+00 0.00000E+00
 0.95500E+00 0.00000E+00
 0.95600E+00 0.00000E+00
 0.95700E+00 0.00000E+00
 0.95800E+00 0.00000E+00
 0.95900E+00 0.00000E+00
 0.96000E+00 0.00000E+00
 0.96100E+00 0.00000E+00
 0.96200E+00 0.00000E+00
 0.96300E+00 0.00000E+00
 0.96400E+00 0.00000E+00
 0.96500E+00 0.00000E+00
 0.96600E+00 0.00000E+00
 0.96700E+00 0.00000E+00
 0.96800E+00 0.00000E+00
 0.96900E+00 0.00000E+00
 0.97000E+00 0.00000E+00
 0.97100E+00 0.00000E+00
 0.97200E+00 0.00000E+00
 0.97300E+00 0.00000E+00
 0.97400E+00 0.00000E+00
 0.97500E+00 0.00000E+00
 0.97600E+00 0.00000E+00
 0.97700E+00 0.00000E+00
 0.97800E+00 0.00000E+00
 0.97900E+00 0.00000E+00
 0.98000E+00 0.00000E+00
 0.98100E+00 0.00000E+00
 0.98200E+00 0.00000E+00
 0.98300E+00 0.00000E+00
 0.98400E+00 0.00000E+00
 0.98500E+00 0.00000E+00
 0.98600E+00 0.00000E+00
 0.98700E+00 0.00000E+00
 0.98800E+00 0.00000E+00
 0.98900E+00 0.00000E+00
 0.99000E+00 0.00000E+00
 0.99100E+00 0.00000E+00
 0.99200E+00 0.00000E+00
 0.99300E+00 0.00000E+00
 0.99400E+00 0.00000E+00
 0.99500E+00 0.00000E+00
 0.99600E+00 0.00000E+00
 0.99700E+00 0.00000E+00
 0.99800E+00 0.00000E+00
 0.99900E+00 0.00000E+00
 0.10000E+01 0.00000E+00
