   0.10000E-02   0.00000E+00
   0.20000E-02   0.28326E-27
   0.30000E-02   0.63725E-27
   0.40000E-02   0.11498E-26
   0.50000E-02   0.19469E-26
   0.60000E-02   0.32223E-26
   0.70000E-02   0.52834E-26
   0.80000E-02   0.86223E-26
   0.90000E-02   0.14030E-25
   0.10000E-01   0.22774E-25
   0.11000E-01   0.36890E-25
   0.12000E-01   0.59632E-25
   0.13000E-01   0.96201E-25
   0.14000E-01   0.15488E-24
   0.15000E-01   0.24886E-24
   0.16000E-01   0.39908E-24
   0.17000E-01   0.63865E-24
   0.18000E-01   0.10201E-23
   0.19000E-01   0.16259E-23
   0.20000E-01   0.25865E-23
   0.21000E-01   0.41063E-23
   0.22000E-01   0.65062E-23
   0.23000E-01   0.10288E-22
   0.24000E-01   0.16235E-22
   0.25000E-01   0.25571E-22
   0.26000E-01   0.40191E-22
   0.27000E-01   0.63047E-22
   0.28000E-01   0.98701E-22
   0.29000E-01   0.15421E-21
   0.30000E-01   0.24046E-21
   0.31000E-01   0.37418E-21
   0.32000E-01   0.58113E-21
   0.33000E-01   0.90071E-21
   0.34000E-01   0.13933E-20
   0.35000E-01   0.21508E-20
   0.36000E-01   0.33137E-20
   0.37000E-01   0.50952E-20
   0.38000E-01   0.78185E-20
   0.39000E-01   0.11974E-19
   0.40000E-01   0.18300E-19
   0.41000E-01   0.27914E-19
   0.42000E-01   0.42492E-19
   0.43000E-01   0.64557E-19
   0.44000E-01   0.97880E-19
   0.45000E-01   0.14811E-18
   0.46000E-01   0.22367E-18
   0.47000E-01   0.33709E-18
   0.48000E-01   0.50702E-18
   0.49000E-01   0.76109E-18
   0.50000E-01   0.11402E-17
   0.51000E-01   0.17047E-17
   0.52000E-01   0.25436E-17
   0.53000E-01   0.37878E-17
   0.54000E-01   0.56292E-17
   0.55000E-01   0.83494E-17
   0.56000E-01   0.12359E-16
   0.57000E-01   0.18258E-16
   0.58000E-01   0.26917E-16
   0.59000E-01   0.39605E-16
   0.60000E-01   0.58157E-16
   0.61000E-01   0.85228E-16
   0.62000E-01   0.12465E-15
   0.63000E-01   0.18194E-15
   0.64000E-01   0.26504E-15
   0.65000E-01   0.38532E-15
   0.66000E-01   0.55906E-15
   0.67000E-01   0.80952E-15
   0.68000E-01   0.11698E-14
   0.69000E-01   0.16872E-14
   0.70000E-01   0.24284E-14
   0.71000E-01   0.34883E-14
   0.72000E-01   0.50007E-14
   0.73000E-01   0.71547E-14
   0.74000E-01   0.10216E-13
   0.75000E-01   0.14558E-13
   0.76000E-01   0.20703E-13
   0.77000E-01   0.29384E-13
   0.78000E-01   0.41622E-13
   0.79000E-01   0.58839E-13
   0.80000E-01   0.83012E-13
   0.81000E-01   0.11688E-12
   0.82000E-01   0.16424E-12
   0.83000E-01   0.23032E-12
   0.84000E-01   0.32235E-12
   0.85000E-01   0.45026E-12
   0.86000E-01   0.62765E-12
   0.87000E-01   0.87318E-12
   0.88000E-01   0.12123E-11
   0.89000E-01   0.16799E-11
   0.90000E-01   0.23230E-11
   0.91000E-01   0.32060E-11
   0.92000E-01   0.44158E-11
   0.93000E-01   0.60700E-11
   0.94000E-01   0.83270E-11
   0.95000E-01   0.11401E-10
   0.96000E-01   0.15577E-10
   0.97000E-01   0.21242E-10
   0.98000E-01   0.28908E-10
   0.99000E-01   0.39262E-10
   0.10000E+00   0.53220E-10
   0.10100E+00   0.71993E-10
   0.10200E+00   0.97196E-10
   0.10300E+00   0.13096E-09
   0.10400E+00   0.17610E-09
   0.10500E+00   0.23632E-09
   0.10600E+00   0.31650E-09
   0.10700E+00   0.42303E-09
   0.10800E+00   0.56431E-09
   0.10900E+00   0.75125E-09
   0.11000E+00   0.99813E-09
   0.11100E+00   0.13235E-08
   0.11200E+00   0.17514E-08
   0.11300E+00   0.23130E-08
   0.11400E+00   0.30486E-08
   0.11500E+00   0.40101E-08
   0.11600E+00   0.52644E-08
   0.11700E+00   0.68970E-08
   0.11800E+00   0.90180E-08
   0.11900E+00   0.11768E-07
   0.12000E+00   0.15325E-07
   0.12100E+00   0.19918E-07
   0.12200E+00   0.25835E-07
   0.12300E+00   0.33444E-07
   0.12400E+00   0.43207E-07
   0.12500E+00   0.55709E-07
   0.12600E+00   0.71683E-07
   0.12700E+00   0.92055E-07
   0.12800E+00   0.11798E-06
   0.12900E+00   0.15090E-06
   0.13000E+00   0.19263E-06
   0.13100E+00   0.24539E-06
   0.13200E+00   0.31200E-06
   0.13300E+00   0.39588E-06
   0.13400E+00   0.50131E-06
   0.13500E+00   0.63355E-06
   0.13600E+00   0.79908E-06
   0.13700E+00   0.10058E-05
   0.13800E+00   0.12636E-05
   0.13900E+00   0.15841E-05
   0.14000E+00   0.19821E-05
   0.14100E+00   0.24751E-05
   0.14200E+00   0.30845E-05
   0.14300E+00   0.38362E-05
   0.14400E+00   0.47616E-05
   0.14500E+00   0.58985E-05
   0.14600E+00   0.72921E-05
   0.14700E+00   0.89972E-05
   0.14800E+00   0.11079E-04
   0.14900E+00   0.13614E-04
   0.15000E+00   0.16697E-04
   0.15100E+00   0.20436E-04
   0.15200E+00   0.24963E-04
   0.15300E+00   0.30433E-04
   0.15400E+00   0.37026E-04
   0.15500E+00   0.44957E-04
   0.15600E+00   0.54478E-04
   0.15700E+00   0.65885E-04
   0.15800E+00   0.79519E-04
   0.15900E+00   0.95783E-04
   0.16000E+00   0.11514E-03
   0.16100E+00   0.13814E-03
   0.16200E+00   0.16540E-03
   0.16300E+00   0.19764E-03
   0.16400E+00   0.23569E-03
   0.16500E+00   0.28051E-03
   0.16600E+00   0.33319E-03
   0.16700E+00   0.39496E-03
   0.16800E+00   0.46726E-03
   0.16900E+00   0.55167E-03
   0.17000E+00   0.65005E-03
   0.17100E+00   0.76442E-03
   0.17200E+00   0.89713E-03
   0.17300E+00   0.10508E-02
   0.17400E+00   0.12283E-02
   0.17500E+00   0.14329E-02
   0.17600E+00   0.16682E-02
   0.17700E+00   0.19383E-02
   0.17800E+00   0.22477E-02
   0.17900E+00   0.26012E-02
   0.18000E+00   0.30043E-02
   0.18100E+00   0.34630E-02
   0.18200E+00   0.39836E-02
   0.18300E+00   0.45734E-02
   0.18400E+00   0.52400E-02
   0.18500E+00   0.59918E-02
   0.18600E+00   0.68378E-02
   0.18700E+00   0.77876E-02
   0.18800E+00   0.88515E-02
   0.18900E+00   0.10041E-01
   0.19000E+00   0.11367E-01
   0.19100E+00   0.12843E-01
   0.19200E+00   0.14481E-01
   0.19300E+00   0.16296E-01
   0.19400E+00   0.18301E-01
   0.19500E+00   0.20512E-01
   0.19600E+00   0.22944E-01
   0.19700E+00   0.25614E-01
   0.19800E+00   0.28536E-01
   0.19900E+00   0.31729E-01
   0.20000E+00   0.35208E-01
   0.20100E+00   0.38991E-01
   0.20200E+00   0.43094E-01
   0.20300E+00   0.47534E-01
   0.20400E+00   0.52325E-01
   0.20500E+00   0.57485E-01
   0.20600E+00   0.63027E-01
   0.20700E+00   0.68967E-01
   0.20800E+00   0.75313E-01
   0.20900E+00   0.82081E-01
   0.21000E+00   0.89277E-01
   0.21100E+00   0.96911E-01
   0.21200E+00   0.10499E+00
   0.21300E+00   0.11351E+00
   0.21400E+00   0.12247E+00
   0.21500E+00   0.13189E+00
   0.21600E+00   0.14174E+00
   0.21700E+00   0.15202E+00
   0.21800E+00   0.16272E+00
   0.21900E+00   0.17383E+00
   0.22000E+00   0.18532E+00
   0.22100E+00   0.19719E+00
   0.22200E+00   0.20938E+00
   0.22300E+00   0.22190E+00
   0.22400E+00   0.23468E+00
   0.22500E+00   0.24771E+00
   0.22600E+00   0.26094E+00
   0.22700E+00   0.27432E+00
   0.22800E+00   0.28782E+00
   0.22900E+00   0.30138E+00
   0.23000E+00   0.31494E+00
   0.23100E+00   0.32845E+00
   0.23200E+00   0.34187E+00
   0.23300E+00   0.35511E+00
   0.23400E+00   0.36814E+00
   0.23500E+00   0.38088E+00
   0.23600E+00   0.39327E+00
   0.23700E+00   0.40525E+00
   0.23800E+00   0.41676E+00
   0.23900E+00   0.42775E+00
   0.24000E+00   0.43814E+00
   0.24100E+00   0.44790E+00
   0.24200E+00   0.45695E+00
   0.24300E+00   0.46526E+00
   0.24400E+00   0.47276E+00
   0.24500E+00   0.47943E+00
   0.24600E+00   0.48522E+00
   0.24700E+00   0.49011E+00
   0.24800E+00   0.49405E+00
   0.24900E+00   0.49703E+00
   0.25000E+00   0.49902E+00
   0.25100E+00   0.50003E+00
   0.25200E+00   0.50003E+00
   0.25300E+00   0.49904E+00
   0.25400E+00   0.49705E+00
   0.25500E+00   0.49409E+00
   0.25600E+00   0.49016E+00
   0.25700E+00   0.48530E+00
   0.25800E+00   0.47952E+00
   0.25900E+00   0.47287E+00
   0.26000E+00   0.46539E+00
   0.26100E+00   0.45711E+00
   0.26200E+00   0.44809E+00
   0.26300E+00   0.43838E+00
   0.26400E+00   0.42803E+00
   0.26500E+00   0.41710E+00
   0.26600E+00   0.40564E+00
   0.26700E+00   0.39373E+00
   0.26800E+00   0.38143E+00
   0.26900E+00   0.36879E+00
   0.27000E+00   0.35588E+00
   0.27100E+00   0.34276E+00
   0.27200E+00   0.32950E+00
   0.27300E+00   0.31617E+00
   0.27400E+00   0.30281E+00
   0.27500E+00   0.28949E+00
   0.27600E+00   0.27626E+00
   0.27700E+00   0.26319E+00
   0.27800E+00   0.25031E+00
   0.27900E+00   0.23769E+00
   0.28000E+00   0.22536E+00
   0.28100E+00   0.21337E+00
   0.28200E+00   0.20176E+00
   0.28300E+00   0.19056E+00
   0.28400E+00   0.17982E+00
   0.28500E+00   0.16956E+00
   0.28600E+00   0.15981E+00
   0.28700E+00   0.15059E+00
   0.28800E+00   0.14193E+00
   0.28900E+00   0.13384E+00
   0.29000E+00   0.12635E+00
   0.29100E+00   0.11947E+00
   0.29200E+00   0.11320E+00
   0.29300E+00   0.10758E+00
   0.29400E+00   0.10259E+00
   0.29500E+00   0.98257E-01
   0.29600E+00   0.94578E-01
   0.29700E+00   0.91563E-01
   0.29800E+00   0.89213E-01
   0.29900E+00   0.87533E-01
   0.30000E+00   0.86523E-01
   0.30100E+00   0.86187E-01
   0.30200E+00   0.86523E-01
   0.30300E+00   0.87533E-01
   0.30400E+00   0.89212E-01
   0.30500E+00   0.91563E-01
   0.30600E+00   0.94578E-01
   0.30700E+00   0.98257E-01
   0.30800E+00   0.10259E+00
   0.30900E+00   0.10758E+00
   0.31000E+00   0.11320E+00
   0.31100E+00   0.11947E+00
   0.31200E+00   0.12635E+00
   0.31300E+00   0.13384E+00
   0.31400E+00   0.14193E+00
   0.31500E+00   0.15059E+00
   0.31600E+00   0.15981E+00
   0.31700E+00   0.16956E+00
   0.31800E+00   0.17982E+00
   0.31900E+00   0.19056E+00
   0.32000E+00   0.20176E+00
   0.32100E+00   0.21337E+00
   0.32200E+00   0.22536E+00
   0.32300E+00   0.23768E+00
   0.32400E+00   0.25031E+00
   0.32500E+00   0.26318E+00
   0.32600E+00   0.27626E+00
   0.32700E+00   0.28949E+00
   0.32800E+00   0.30281E+00
   0.32900E+00   0.31617E+00
   0.33000E+00   0.32950E+00
   0.33100E+00   0.34276E+00
   0.33200E+00   0.35588E+00
   0.33300E+00   0.36879E+00
   0.33400E+00   0.38143E+00
   0.33500E+00   0.39373E+00
   0.33600E+00   0.40564E+00
   0.33700E+00   0.41709E+00
   0.33800E+00   0.42803E+00
   0.33900E+00   0.43838E+00
   0.34000E+00   0.44809E+00
   0.34100E+00   0.45711E+00
   0.34200E+00   0.46539E+00
   0.34300E+00   0.47287E+00
   0.34400E+00   0.47952E+00
   0.34500E+00   0.48529E+00
   0.34600E+00   0.49016E+00
   0.34700E+00   0.49409E+00
   0.34800E+00   0.49705E+00
   0.34900E+00   0.49904E+00
   0.35000E+00   0.50003E+00
   0.35100E+00   0.50002E+00
   0.35200E+00   0.49902E+00
   0.35300E+00   0.49702E+00
   0.35400E+00   0.49405E+00
   0.35500E+00   0.49011E+00
   0.35600E+00   0.48522E+00
   0.35700E+00   0.47943E+00
   0.35800E+00   0.47276E+00
   0.35900E+00   0.46525E+00
   0.36000E+00   0.45695E+00
   0.36100E+00   0.44789E+00
   0.36200E+00   0.43814E+00
   0.36300E+00   0.42775E+00
   0.36400E+00   0.41676E+00
   0.36500E+00   0.40525E+00
   0.36600E+00   0.39327E+00
   0.36700E+00   0.38088E+00
   0.36800E+00   0.36814E+00
   0.36900E+00   0.35511E+00
   0.37000E+00   0.34187E+00
   0.37100E+00   0.32845E+00
   0.37200E+00   0.31494E+00
   0.37300E+00   0.30137E+00
   0.37400E+00   0.28782E+00
   0.37500E+00   0.27432E+00
   0.37600E+00   0.26094E+00
   0.37700E+00   0.24771E+00
   0.37800E+00   0.23468E+00
   0.37900E+00   0.22189E+00
   0.38000E+00   0.20938E+00
   0.38100E+00   0.19719E+00
   0.38200E+00   0.18532E+00
   0.38300E+00   0.17383E+00
   0.38400E+00   0.16272E+00
   0.38500E+00   0.15202E+00
   0.38600E+00   0.14174E+00
   0.38700E+00   0.13189E+00
   0.38800E+00   0.12247E+00
   0.38900E+00   0.11351E+00
   0.39000E+00   0.10499E+00
   0.39100E+00   0.96910E-01
   0.39200E+00   0.89277E-01
   0.39300E+00   0.82081E-01
   0.39400E+00   0.75314E-01
   0.39500E+00   0.68966E-01
   0.39600E+00   0.63027E-01
   0.39700E+00   0.57485E-01
   0.39800E+00   0.52325E-01
   0.39900E+00   0.47533E-01
   0.40000E+00   0.43094E-01
   0.40100E+00   0.38991E-01
   0.40200E+00   0.35208E-01
   0.40300E+00   0.31729E-01
   0.40400E+00   0.28536E-01
   0.40500E+00   0.25613E-01
   0.40600E+00   0.22944E-01
   0.40700E+00   0.20512E-01
   0.40800E+00   0.18301E-01
   0.40900E+00   0.16296E-01
   0.41000E+00   0.14481E-01
   0.41100E+00   0.12843E-01
   0.41200E+00   0.11367E-01
   0.41300E+00   0.10041E-01
   0.41400E+00   0.88515E-02
   0.41500E+00   0.77876E-02
   0.41600E+00   0.68378E-02
   0.41700E+00   0.59918E-02
   0.41800E+00   0.52400E-02
   0.41900E+00   0.45734E-02
   0.42000E+00   0.39837E-02
   0.42100E+00   0.34629E-02
   0.42200E+00   0.30043E-02
   0.42300E+00   0.26012E-02
   0.42400E+00   0.22477E-02
   0.42500E+00   0.19383E-02
   0.42600E+00   0.16682E-02
   0.42700E+00   0.14329E-02
   0.42800E+00   0.12283E-02
   0.42900E+00   0.10508E-02
   0.43000E+00   0.89713E-03
   0.43100E+00   0.76442E-03
   0.43200E+00   0.65005E-03
   0.43300E+00   0.55167E-03
   0.43400E+00   0.46726E-03
   0.43500E+00   0.39496E-03
   0.43600E+00   0.33319E-03
   0.43700E+00   0.28051E-03
   0.43800E+00   0.23570E-03
   0.43900E+00   0.19764E-03
   0.44000E+00   0.16540E-03
   0.44100E+00   0.13814E-03
   0.44200E+00   0.11514E-03
   0.44300E+00   0.95784E-04
   0.44400E+00   0.79518E-04
   0.44500E+00   0.65885E-04
   0.44600E+00   0.54478E-04
   0.44700E+00   0.44957E-04
   0.44800E+00   0.37026E-04
   0.44900E+00   0.30432E-04
   0.45000E+00   0.24964E-04
   0.45100E+00   0.20436E-04
   0.45200E+00   0.16697E-04
   0.45300E+00   0.13614E-04
   0.45400E+00   0.11079E-04
   0.45500E+00   0.89972E-05
   0.45600E+00   0.72921E-05
   0.45700E+00   0.58985E-05
   0.45800E+00   0.47616E-05
   0.45900E+00   0.38362E-05
   0.46000E+00   0.30844E-05
   0.46100E+00   0.24751E-05
   0.46200E+00   0.19821E-05
   0.46300E+00   0.15841E-05
   0.46400E+00   0.12636E-05
   0.46500E+00   0.10058E-05
   0.46600E+00   0.79908E-06
   0.46700E+00   0.63355E-06
   0.46800E+00   0.50131E-06
   0.46900E+00   0.39588E-06
   0.47000E+00   0.31199E-06
   0.47100E+00   0.24540E-06
   0.47200E+00   0.19262E-06
   0.47300E+00   0.15090E-06
   0.47400E+00   0.11798E-06
   0.47500E+00   0.92055E-07
   0.47600E+00   0.71683E-07
   0.47700E+00   0.55709E-07
   0.47800E+00   0.43207E-07
   0.47900E+00   0.33444E-07
   0.48000E+00   0.25836E-07
   0.48100E+00   0.19918E-07
   0.48200E+00   0.15325E-07
   0.48300E+00   0.11768E-07
   0.48400E+00   0.90180E-08
   0.48500E+00   0.68970E-08
   0.48600E+00   0.52643E-08
   0.48700E+00   0.40102E-08
   0.48800E+00   0.30486E-08
   0.48900E+00   0.23130E-08
   0.49000E+00   0.17514E-08
   0.49100E+00   0.13235E-08
   0.49200E+00   0.99812E-09
   0.49300E+00   0.75125E-09
   0.49400E+00   0.56431E-09
   0.49500E+00   0.42303E-09
   0.49600E+00   0.31650E-09
   0.49700E+00   0.23631E-09
   0.49800E+00   0.17610E-09
   0.49900E+00   0.13096E-09
   0.50000E+00   0.97196E-10
   0.50100E+00   0.71994E-10
   0.50200E+00   0.53219E-10
   0.50300E+00   0.39263E-10
   0.50400E+00   0.28908E-10
   0.50500E+00   0.21242E-10
   0.50600E+00   0.15577E-10
   0.50700E+00   0.11401E-10
   0.50800E+00   0.83270E-11
   0.50900E+00   0.60699E-11
   0.51000E+00   0.44159E-11
   0.51100E+00   0.32060E-11
   0.51200E+00   0.23231E-11
   0.51300E+00   0.16799E-11
   0.51400E+00   0.12123E-11
   0.51500E+00   0.87318E-12
   0.51600E+00   0.62764E-12
   0.51700E+00   0.45026E-12
   0.51800E+00   0.32235E-12
   0.51900E+00   0.23033E-12
   0.52000E+00   0.16424E-12
   0.52100E+00   0.11688E-12
   0.52200E+00   0.83011E-13
   0.52300E+00   0.58839E-13
   0.52400E+00   0.41622E-13
   0.52500E+00   0.29384E-13
   0.52600E+00   0.20704E-13
   0.52700E+00   0.14557E-13
   0.52800E+00   0.10216E-13
   0.52900E+00   0.71546E-14
   0.53000E+00   0.50008E-14
   0.53100E+00   0.34883E-14
   0.53200E+00   0.24284E-14
   0.53300E+00   0.16872E-14
   0.53400E+00   0.11698E-14
   0.53500E+00   0.80953E-15
   0.53600E+00   0.55905E-15
   0.53700E+00   0.38532E-15
   0.53800E+00   0.26504E-15
   0.53900E+00   0.18194E-15
   0.54000E+00   0.12465E-15
   0.54100E+00   0.85227E-16
   0.54200E+00   0.58157E-16
   0.54300E+00   0.39604E-16
   0.54400E+00   0.26917E-16
   0.54500E+00   0.18257E-16
   0.54600E+00   0.12359E-16
   0.54700E+00   0.83494E-17
   0.54800E+00   0.56293E-17
   0.54900E+00   0.37878E-17
   0.55000E+00   0.25437E-17
   0.55100E+00   0.17047E-17
   0.55200E+00   0.11402E-17
   0.55300E+00   0.76110E-18
   0.55400E+00   0.50701E-18
   0.55500E+00   0.33710E-18
   0.55600E+00   0.22366E-18
   0.55700E+00   0.14811E-18
   0.55800E+00   0.97879E-19
   0.55900E+00   0.64558E-19
   0.56000E+00   0.42492E-19
   0.56100E+00   0.27914E-19
   0.56200E+00   0.18300E-19
   0.56300E+00   0.11974E-19
   0.56400E+00   0.78187E-20
   0.56500E+00   0.50950E-20
   0.56600E+00   0.33137E-20
   0.56700E+00   0.21508E-20
   0.56800E+00   0.13933E-20
   0.56900E+00   0.90070E-21
   0.57000E+00   0.58112E-21
   0.57100E+00   0.37419E-21
   0.57200E+00   0.24045E-21
   0.57300E+00   0.15421E-21
   0.57400E+00   0.98700E-22
   0.57500E+00   0.63046E-22
   0.57600E+00   0.40191E-22
   0.57700E+00   0.25570E-22
   0.57800E+00   0.16236E-22
   0.57900E+00   0.10288E-22
   0.58000E+00   0.65062E-23
   0.58100E+00   0.41063E-23
   0.58200E+00   0.25865E-23
   0.58300E+00   0.16259E-23
   0.58400E+00   0.10200E-23
   0.58500E+00   0.63866E-24
   0.58600E+00   0.39907E-24
   0.58700E+00   0.24887E-24
   0.58800E+00   0.15488E-24
   0.58900E+00   0.96201E-25
   0.59000E+00   0.59632E-25
   0.59100E+00   0.36892E-25
   0.59200E+00   0.22776E-25
   0.59300E+00   0.14034E-25
   0.59400E+00   0.86301E-26
   0.59500E+00   0.52963E-26
   0.59600E+00   0.32440E-26
   0.59700E+00   0.19828E-26
   0.59800E+00   0.12096E-26
   0.59900E+00   0.73643E-27
   0.60000E+00   0.44744E-27
   0.60100E+00   0.27133E-27
   0.60200E+00   0.16420E-27
   0.60300E+00   0.99169E-28
   0.60400E+00   0.59774E-28
   0.60500E+00   0.35958E-28
   0.60600E+00   0.21586E-28
   0.60700E+00   0.12933E-28
   0.60800E+00   0.77336E-29
   0.60900E+00   0.46150E-29
   0.61000E+00   0.27486E-29
   0.61100E+00   0.16336E-29
   0.61200E+00   0.96903E-30
   0.61300E+00   0.57367E-30
   0.61400E+00   0.33893E-30
   0.61500E+00   0.19985E-30
   0.61600E+00   0.11760E-30
   0.61700E+00   0.69063E-31
   0.61800E+00   0.40478E-31
   0.61900E+00   0.23677E-31
   0.62000E+00   0.13822E-31
   0.62100E+00   0.80522E-32
   0.62200E+00   0.46820E-32
   0.62300E+00   0.27167E-32
   0.62400E+00   0.15734E-32
   0.62500E+00   0.90928E-33
   0.62600E+00   0.52447E-33
   0.62700E+00   0.30191E-33
   0.62800E+00   0.17345E-33
   0.62900E+00   0.99442E-34
   0.63000E+00   0.56900E-34
   0.63100E+00   0.32494E-34
   0.63200E+00   0.18518E-34
   0.63300E+00   0.10533E-34
   0.63400E+00   0.59787E-35
   0.63500E+00   0.33869E-35
   0.63600E+00   0.19149E-35
   0.63700E+00   0.10804E-35
   0.63800E+00   0.60844E-36
   0.63900E+00   0.34191E-36
   0.64000E+00   0.19177E-36
   0.64100E+00   0.10734E-36
   0.64200E+00   0.59964E-37
   0.64300E+00   0.33429E-37
   0.64400E+00   0.18599E-37
   0.64500E+00   0.10328E-37
   0.64600E+00   0.57234E-38
   0.64700E+00   0.31656E-38
   0.64800E+00   0.17472E-38
   0.64900E+00   0.96243E-39
   0.65000E+00   0.52910E-39
   0.65100E+00   0.29030E-39
   0.65200E+00   0.15895E-39
   0.65300E+00   0.86861E-40
   0.65400E+00   0.47369E-40
   0.65500E+00   0.25784E-40
   0.65600E+00   0.14005E-40
   0.65700E+00   0.75922E-41
   0.65800E+00   0.41072E-41
   0.65900E+00   0.22183E-41
   0.66000E+00   0.11953E-41
   0.66100E+00   0.64179E-42
   0.66200E+00   0.34612E-42
   0.66300E+00   0.18357E-42
   0.66400E+00   0.99492E-43
   0.66500E+00   0.51848E-43
   0.66600E+00   0.29427E-43
   0.66700E+00   0.14013E-43
   0.66800E+00   0.84078E-44
   0.66900E+00   0.42039E-44
   0.67000E+00   0.28026E-44
   0.67100E+00   0.00000E+00
   0.67200E+00   0.14013E-44
   0.67300E+00   0.00000E+00
   0.67400E+00   0.00000E+00
   0.67500E+00   0.00000E+00
   0.67600E+00   0.00000E+00
   0.67700E+00   0.00000E+00
   0.67800E+00   0.00000E+00
   0.67900E+00   0.00000E+00
   0.68000E+00   0.00000E+00
   0.68100E+00   0.00000E+00
   0.68200E+00   0.00000E+00
   0.68300E+00   0.00000E+00
   0.68400E+00   0.00000E+00
   0.68500E+00   0.00000E+00
   0.68600E+00   0.00000E+00
   0.68700E+00   0.00000E+00
   0.68800E+00   0.00000E+00
   0.68900E+00   0.00000E+00
   0.69000E+00   0.00000E+00
   0.69100E+00   0.00000E+00
   0.69200E+00   0.00000E+00
   0.69300E+00   0.00000E+00
   0.69400E+00   0.00000E+00
   0.69500E+00   0.00000E+00
   0.69600E+00   0.00000E+00
   0.69700E+00   0.00000E+00
   0.69800E+00   0.00000E+00
   0.69900E+00   0.00000E+00
   0.70000E+00   0.00000E+00
   0.70100E+00   0.00000E+00
   0.70200E+00   0.00000E+00
   0.70300E+00   0.00000E+00
   0.70400E+00   0.00000E+00
   0.70500E+00   0.00000E+00
   0.70600E+00   0.00000E+00
   0.70700E+00   0.00000E+00
   0.70800E+00   0.00000E+00
   0.70900E+00   0.00000E+00
   0.71000E+00   0.00000E+00
   0.71100E+00   0.00000E+00
   0.71200E+00   0.00000E+00
   0.71300E+00   0.00000E+00
   0.71400E+00   0.00000E+00
   0.71500E+00   0.00000E+00
   0.71600E+00   0.00000E+00
   0.71700E+00   0.00000E+00
   0.71800E+00   0.00000E+00
   0.71900E+00   0.00000E+00
   0.72000E+00   0.00000E+00
   0.72100E+00   0.00000E+00
   0.72200E+00   0.00000E+00
   0.72300E+00   0.00000E+00
   0.72400E+00   0.00000E+00
   0.72500E+00   0.00000E+00
   0.72600E+00   0.00000E+00
   0.72700E+00   0.00000E+00
   0.72800E+00   0.00000E+00
   0.72900E+00   0.00000E+00
   0.73000E+00   0.00000E+00
   0.73100E+00   0.00000E+00
   0.73200E+00   0.00000E+00
   0.73300E+00   0.00000E+00
   0.73400E+00   0.00000E+00
   0.73500E+00   0.00000E+00
   0.73600E+00   0.00000E+00
   0.73700E+00   0.00000E+00
   0.73800E+00   0.00000E+00
   0.73900E+00   0.00000E+00
   0.74000E+00   0.00000E+00
   0.74100E+00   0.00000E+00
   0.74200E+00   0.00000E+00
   0.74300E+00   0.00000E+00
   0.74400E+00   0.00000E+00
   0.74500E+00   0.00000E+00
   0.74600E+00   0.00000E+00
   0.74700E+00   0.00000E+00
   0.74800E+00   0.00000E+00
   0.74900E+00   0.00000E+00
   0.75000E+00   0.00000E+00
   0.75100E+00   0.00000E+00
   0.75200E+00   0.00000E+00
   0.75300E+00   0.00000E+00
   0.75400E+00   0.00000E+00
   0.75500E+00   0.00000E+00
   0.75600E+00   0.00000E+00
   0.75700E+00   0.00000E+00
   0.75800E+00   0.00000E+00
   0.75900E+00   0.00000E+00
   0.76000E+00   0.00000E+00
   0.76100E+00   0.00000E+00
   0.76200E+00   0.00000E+00
   0.76300E+00   0.00000E+00
   0.76400E+00   0.00000E+00
   0.76500E+00   0.00000E+00
   0.76600E+00   0.00000E+00
   0.76700E+00   0.00000E+00
   0.76800E+00   0.00000E+00
   0.76900E+00   0.00000E+00
   0.77000E+00   0.00000E+00
   0.77100E+00   0.00000E+00
   0.77200E+00   0.00000E+00
   0.77300E+00   0.00000E+00
   0.77400E+00   0.00000E+00
   0.77500E+00   0.00000E+00
   0.77600E+00   0.00000E+00
   0.77700E+00   0.00000E+00
   0.77800E+00   0.00000E+00
   0.77900E+00   0.00000E+00
   0.78000E+00   0.00000E+00
   0.78100E+00   0.00000E+00
   0.78200E+00   0.00000E+00
   0.78300E+00   0.00000E+00
   0.78400E+00   0.00000E+00
   0.78500E+00   0.00000E+00
   0.78600E+00   0.00000E+00
   0.78700E+00   0.00000E+00
   0.78800E+00   0.00000E+00
   0.78900E+00   0.00000E+00
   0.79000E+00   0.00000E+00
   0.79100E+00   0.00000E+00
   0.79200E+00   0.00000E+00
   0.79300E+00   0.00000E+00
   0.79400E+00   0.00000E+00
   0.79500E+00   0.00000E+00
   0.79600E+00   0.00000E+00
   0.79700E+00   0.00000E+00
   0.79800E+00   0.00000E+00
   0.79900E+00   0.00000E+00
   0.80000E+00   0.00000E+00
   0.80100E+00   0.00000E+00
   0.80200E+00   0.00000E+00
   0.80300E+00   0.00000E+00
   0.80400E+00   0.00000E+00
   0.80500E+00   0.00000E+00
   0.80600E+00   0.00000E+00
   0.80700E+00   0.00000E+00
   0.80800E+00   0.00000E+00
   0.80900E+00   0.00000E+00
   0.81000E+00   0.00000E+00
   0.81100E+00   0.00000E+00
   0.81200E+00   0.00000E+00
   0.81300E+00   0.00000E+00
   0.81400E+00   0.00000E+00
   0.81500E+00   0.00000E+00
   0.81600E+00   0.00000E+00
   0.81700E+00   0.00000E+00
   0.81800E+00   0.00000E+00
   0.81900E+00   0.00000E+00
   0.82000E+00   0.00000E+00
   0.82100E+00   0.00000E+00
   0.82200E+00   0.00000E+00
   0.82300E+00   0.00000E+00
   0.82400E+00   0.00000E+00
   0.82500E+00   0.00000E+00
   0.82600E+00   0.00000E+00
   0.82700E+00   0.00000E+00
   0.82800E+00   0.00000E+00
   0.82900E+00   0.00000E+00
   0.83000E+00   0.00000E+00
   0.83100E+00   0.00000E+00
   0.83200E+00   0.00000E+00
   0.83300E+00   0.00000E+00
   0.83400E+00   0.00000E+00
   0.83500E+00   0.00000E+00
   0.83600E+00   0.00000E+00
   0.83700E+00   0.00000E+00
   0.83800E+00   0.00000E+00
   0.83900E+00   0.00000E+00
   0.84000E+00   0.00000E+00
   0.84100E+00   0.00000E+00
   0.84200E+00   0.00000E+00
   0.84300E+00   0.00000E+00
   0.84400E+00   0.00000E+00
   0.84500E+00   0.00000E+00
   0.84600E+00   0.00000E+00
   0.84700E+00   0.00000E+00
   0.84800E+00   0.00000E+00
   0.84900E+00   0.00000E+00
   0.85000E+00   0.00000E+00
   0.85100E+00   0.00000E+00
   0.85200E+00   0.00000E+00
   0.85300E+00   0.00000E+00
   0.85400E+00   0.00000E+00
   0.85500E+00   0.00000E+00
   0.85600E+00   0.00000E+00
   0.85700E+00   0.00000E+00
   0.85800E+00   0.00000E+00
   0.85900E+00   0.00000E+00
   0.86000E+00   0.00000E+00
   0.86100E+00   0.00000E+00
   0.86200E+00   0.00000E+00
   0.86300E+00   0.00000E+00
   0.86400E+00   0.00000E+00
   0.86500E+00   0.00000E+00
   0.86600E+00   0.00000E+00
   0.86700E+00   0.00000E+00
   0.86800E+00   0.00000E+00
   0.86900E+00   0.00000E+00
   0.87000E+00   0.00000E+00
   0.87100E+00   0.00000E+00
   0.87200E+00   0.00000E+00
   0.87300E+00   0.00000E+00
   0.87400E+00   0.00000E+00
   0.87500E+00   0.00000E+00
   0.87600E+00   0.00000E+00
   0.87700E+00   0.00000E+00
   0.87800E+00   0.00000E+00
   0.87900E+00   0.00000E+00
   0.88000E+00   0.00000E+00
   0.88100E+00   0.00000E+00
   0.88200E+00   0.00000E+00
   0.88300E+00   0.00000E+00
   0.88400E+00   0.00000E+00
   0.88500E+00   0.00000E+00
   0.88600E+00   0.00000E+00
   0.88700E+00   0.00000E+00
   0.88800E+00   0.00000E+00
   0.88900E+00   0.00000E+00
   0.89000E+00   0.00000E+00
   0.89100E+00   0.00000E+00
   0.89200E+00   0.00000E+00
   0.89300E+00   0.00000E+00
   0.89400E+00   0.00000E+00
   0.89500E+00   0.00000E+00
   0.89600E+00   0.00000E+00
   0.89700E+00   0.00000E+00
   0.89800E+00   0.00000E+00
   0.89900E+00   0.00000E+00
   0.90000E+00   0.00000E+00
   0.90100E+00   0.00000E+00
   0.90200E+00   0.00000E+00
   0.90300E+00   0.00000E+00
   0.90400E+00   0.00000E+00
   0.90500E+00   0.00000E+00
   0.90600E+00   0.00000E+00
   0.90700E+00   0.00000E+00
   0.90800E+00   0.00000E+00
   0.90900E+00   0.00000E+00
   0.91000E+00   0.00000E+00
   0.91100E+00   0.00000E+00
   0.91200E+00   0.00000E+00
   0.91300E+00   0.00000E+00
   0.91400E+00   0.00000E+00
   0.91500E+00   0.00000E+00
   0.91600E+00   0.00000E+00
   0.91700E+00   0.00000E+00
   0.91800E+00   0.00000E+00
   0.91900E+00   0.00000E+00
   0.92000E+00   0.00000E+00
   0.92100E+00   0.00000E+00
   0.92200E+00   0.00000E+00
   0.92300E+00   0.00000E+00
   0.92400E+00   0.00000E+00
   0.92500E+00   0.00000E+00
   0.92600E+00   0.00000E+00
   0.92700E+00   0.00000E+00
   0.92800E+00   0.00000E+00
   0.92900E+00   0.00000E+00
   0.93000E+00   0.00000E+00
   0.93100E+00   0.00000E+00
   0.93200E+00   0.00000E+00
   0.93300E+00   0.00000E+00
   0.93400E+00   0.00000E+00
   0.93500E+00   0.00000E+00
   0.93600E+00   0.00000E+00
   0.93700E+00   0.00000E+00
   0.93800E+00   0.00000E+00
   0.93900E+00   0.00000E+00
   0.94000E+00   0.00000E+00
   0.94100E+00   0.00000E+00
   0.94200E+00   0.00000E+00
   0.94300E+00   0.00000E+00
   0.94400E+00   0.00000E+00
   0.94500E+00   0.00000E+00
   0.94600E+00   0.00000E+00
   0.94700E+00   0.00000E+00
   0.94800E+00   0.00000E+00
   0.94900E+00   0.00000E+00
   0.95000E+00   0.00000E+00
   0.95100E+00   0.00000E+00
   0.95200E+00   0.00000E+00
   0.95300E+00   0.00000E+00
   0.95400E+00   0.00000E+00
   0.95500E+00   0.00000E+00
   0.95600E+00   0.00000E+00
   0.95700E+00   0.00000E+00
   0.95800E+00   0.00000E+00
   0.95900E+00   0.00000E+00
   0.96000E+00   0.00000E+00
   0.96100E+00   0.00000E+00
   0.96200E+00   0.00000E+00
   0.96300E+00   0.00000E+00
   0.96400E+00   0.00000E+00
   0.96500E+00   0.00000E+00
   0.96600E+00   0.00000E+00
   0.96700E+00   0.00000E+00
   0.96800E+00   0.00000E+00
   0.96900E+00   0.00000E+00
   0.97000E+00   0.00000E+00
   0.97100E+00   0.00000E+00
   0.97200E+00   0.00000E+00
   0.97300E+00   0.00000E+00
   0.97400E+00   0.00000E+00
   0.97500E+00   0.00000E+00
   0.97600E+00   0.00000E+00
   0.97700E+00   0.00000E+00
   0.97800E+00   0.00000E+00
   0.97900E+00   0.00000E+00
   0.98000E+00   0.00000E+00
   0.98100E+00   0.00000E+00
   0.98200E+00   0.00000E+00
   0.98300E+00   0.00000E+00
   0.98400E+00   0.00000E+00
   0.98500E+00   0.00000E+00
   0.98600E+00   0.00000E+00
   0.98700E+00   0.00000E+00
   0.98800E+00   0.00000E+00
   0.98900E+00   0.00000E+00
   0.99000E+00   0.00000E+00
   0.99100E+00   0.00000E+00
   0.99200E+00   0.00000E+00
   0.99300E+00   0.00000E+00
   0.99400E+00   0.00000E+00
   0.99500E+00   0.00000E+00
   0.99600E+00   0.00000E+00
   0.99700E+00   0.00000E+00
   0.99800E+00   0.00000E+00
   0.99900E+00   0.00000E+00
   0.10000E+01   0.00000E+00
